ControlParameters:
  0.0000000000e+00
SharedParameters:

IntegerSharedParameters:

Accessories:

IntegerAccessories:
                91,                 0,                91

Time series:
  0.0000000000e+00,  0.0000000000e+00,  0.0000000000e+00
  1.0000000000e-02,  0.0000000000e+00,  0.0000000000e+00
  2.0000000000e-02,  0.0000000000e+00,  0.0000000000e+00
  3.0000000000e-02,  0.0000000000e+00,  0.0000000000e+00
  4.0000000000e-02,  0.0000000000e+00,  0.0000000000e+00
  5.0000000000e-02,  0.0000000000e+00,  0.0000000000e+00
  6.0000000000e-02,  0.0000000000e+00,  0.0000000000e+00
  7.0000000000e-02,  0.0000000000e+00,  0.0000000000e+00
  8.0000000000e-02,  0.0000000000e+00,  0.0000000000e+00
  9.0000000000e-02,  0.0000000000e+00,  0.0000000000e+00
  1.0000000000e-01,  0.0000000000e+00,  0.0000000000e+00
  1.1000000000e-01,  0.0000000000e+00,  0.0000000000e+00
  1.2000000000e-01,  0.0000000000e+00,  0.0000000000e+00
  1.3000000000e-01,  0.0000000000e+00,  0.0000000000e+00
  1.4000000000e-01,  0.0000000000e+00,  0.0000000000e+00
  1.5000000000e-01,  0.0000000000e+00,  0.0000000000e+00
  1.6000000000e-01,  0.0000000000e+00,  0.0000000000e+00
  1.7000000000e-01,  0.0000000000e+00,  0.0000000000e+00
  1.8000000000e-01,  0.0000000000e+00,  0.0000000000e+00
  1.9000000000e-01,  0.0000000000e+00,  0.0000000000e+00
  2.0000000000e-01,  0.0000000000e+00,  0.0000000000e+00
  2.1000000000e-01,  0.0000000000e+00,  0.0000000000e+00
  2.2000000000e-01,  0.0000000000e+00,  0.0000000000e+00
  2.3000000000e-01,  0.0000000000e+00,  0.0000000000e+00
  2.4000000000e-01,  0.0000000000e+00,  0.0000000000e+00
  2.5000000000e-01,  0.0000000000e+00,  0.0000000000e+00
  2.6000000000e-01,  0.0000000000e+00,  0.0000000000e+00
  2.7000000000e-01,  0.0000000000e+00,  0.0000000000e+00
  2.8000000000e-01,  0.0000000000e+00,  0.0000000000e+00
  2.9000000000e-01,  0.0000000000e+00,  0.0000000000e+00
  3.0000000000e-01,  0.0000000000e+00,  0.0000000000e+00
  3.1000000000e-01,  0.0000000000e+00,  0.0000000000e+00
  3.2000000000e-01,  0.0000000000e+00,  0.0000000000e+00
  3.3000000000e-01,  0.0000000000e+00,  0.0000000000e+00
  3.4000000000e-01,  0.0000000000e+00,  0.0000000000e+00
  3.5000000000e-01,  0.0000000000e+00,  0.0000000000e+00
  3.6000000000e-01,  0.0000000000e+00,  0.0000000000e+00
  3.7000000000e-01,  0.0000000000e+00,  0.0000000000e+00
  3.8000000000e-01,  0.0000000000e+00,  0.0000000000e+00
  3.9000000000e-01,  0.0000000000e+00,  0.0000000000e+00
  4.0000000000e-01,  0.0000000000e+00,  0.0000000000e+00
  4.1000000000e-01,  0.0000000000e+00,  0.0000000000e+00
  4.2000000000e-01,  0.0000000000e+00,  0.0000000000e+00
  4.3000000000e-01,  0.0000000000e+00,  0.0000000000e+00
  4.4000000000e-01,  0.0000000000e+00,  0.0000000000e+00
  4.5000000000e-01,  0.0000000000e+00,  0.0000000000e+00
  4.6000000000e-01,  0.0000000000e+00,  0.0000000000e+00
  4.7000000000e-01,  0.0000000000e+00,  0.0000000000e+00
  4.8000000000e-01,  0.0000000000e+00,  0.0000000000e+00
  4.9000000000e-01,  0.0000000000e+00,  0.0000000000e+00
  5.0000000000e-01,  0.0000000000e+00,  0.0000000000e+00
  5.1000000000e-01,  0.0000000000e+00,  0.0000000000e+00
  5.2000000000e-01,  0.0000000000e+00,  0.0000000000e+00
  5.3000000000e-01,  0.0000000000e+00,  0.0000000000e+00
  5.4000000000e-01,  0.0000000000e+00,  0.0000000000e+00
  5.5000000000e-01,  0.0000000000e+00,  0.0000000000e+00
  5.6000000000e-01,  0.0000000000e+00,  0.0000000000e+00
  5.7000000000e-01,  0.0000000000e+00,  0.0000000000e+00
  5.8000000000e-01,  0.0000000000e+00,  0.0000000000e+00
  5.9000000000e-01,  0.0000000000e+00,  0.0000000000e+00
  6.0000000000e-01,  0.0000000000e+00,  0.0000000000e+00
  6.1000000000e-01,  0.0000000000e+00,  0.0000000000e+00
  6.2000000000e-01,  0.0000000000e+00,  0.0000000000e+00
  6.3000000000e-01,  0.0000000000e+00,  0.0000000000e+00
  6.4000000000e-01,  0.0000000000e+00,  0.0000000000e+00
  6.5000000000e-01,  0.0000000000e+00,  0.0000000000e+00
  6.6000000000e-01,  0.0000000000e+00,  0.0000000000e+00
  6.7000000000e-01,  0.0000000000e+00,  0.0000000000e+00
  6.8000000000e-01,  0.0000000000e+00,  0.0000000000e+00
  6.9000000000e-01,  0.0000000000e+00,  0.0000000000e+00
  7.0000000000e-01,  0.0000000000e+00,  0.0000000000e+00
  7.1000000000e-01,  0.0000000000e+00,  0.0000000000e+00
  7.2000000000e-01,  0.0000000000e+00,  0.0000000000e+00
  7.3000000000e-01,  0.0000000000e+00,  0.0000000000e+00
  7.4000000000e-01,  0.0000000000e+00,  0.0000000000e+00
  7.5000000000e-01,  0.0000000000e+00,  0.0000000000e+00
  7.6000000000e-01,  0.0000000000e+00,  0.0000000000e+00
  7.7000000000e-01,  0.0000000000e+00,  0.0000000000e+00
  7.8000000000e-01,  0.0000000000e+00,  0.0000000000e+00
  7.9000000000e-01,  0.0000000000e+00,  0.0000000000e+00
  8.0000000000e-01,  0.0000000000e+00,  0.0000000000e+00
  8.1000000000e-01,  0.0000000000e+00,  0.0000000000e+00
  8.2000000000e-01,  0.0000000000e+00,  0.0000000000e+00
  8.3000000000e-01,  0.0000000000e+00,  0.0000000000e+00
  8.4000000000e-01,  0.0000000000e+00,  0.0000000000e+00
  8.5000000000e-01,  0.0000000000e+00,  0.0000000000e+00
  8.6000000000e-01,  0.0000000000e+00,  0.0000000000e+00
  8.7000000000e-01,  0.0000000000e+00,  0.0000000000e+00
  8.8000000000e-01,  0.0000000000e+00,  0.0000000000e+00
  8.9000000000e-01,  0.0000000000e+00,  0.0000000000e+00
  9.0000000000e-01,  0.0000000000e+00,  0.0000000000e+00
  9.1000000000e-01,  0.0000000000e+00,  0.0000000000e+00
  9.2000000000e-01,  0.0000000000e+00,  0.0000000000e+00
  9.3000000000e-01,  0.0000000000e+00,  0.0000000000e+00
  9.4000000000e-01,  0.0000000000e+00,  0.0000000000e+00
  9.5000000000e-01,  0.0000000000e+00,  0.0000000000e+00
  9.6000000000e-01,  0.0000000000e+00,  0.0000000000e+00
  9.7000000000e-01,  0.0000000000e+00,  0.0000000000e+00
  9.8000000000e-01,  0.0000000000e+00,  0.0000000000e+00
  9.9000000000e-01,  0.0000000000e+00,  0.0000000000e+00
  1.0000000000e+00,  0.0000000000e+00,  0.0000000000e+00
  1.0100000000e+00,  1.0050000000e-02, -1.0050000000e-02
  1.0200000000e+00,  2.0200000000e-02, -2.0200000000e-02
  1.0300000000e+00,  3.0450000000e-02, -3.0450000000e-02
  1.0400000000e+00,  4.0800000000e-02, -4.0800000000e-02
  1.0500000000e+00,  5.1250000000e-02, -5.1250000000e-02
  1.0600000000e+00,  6.1800000000e-02, -6.1800000000e-02
  1.0700000000e+00,  7.2450000000e-02, -7.2450000000e-02
  1.0800000000e+00,  8.3200000000e-02, -8.3200000000e-02
  1.0900000000e+00,  9.4050000000e-02, -9.4050000000e-02
  1.1000000000e+00,  1.0500000000e-01, -1.0500000000e-01
  1.1100000000e+00,  1.2710000000e-01, -1.2710000000e-01
  1.1200000000e+00,  1.4940000000e-01, -1.4940000000e-01
  1.1300000000e+00,  1.7190000000e-01, -1.7190000000e-01
  1.1400000000e+00,  1.9460000000e-01, -1.9460000000e-01
  1.1500000000e+00,  2.1750000000e-01, -2.1750000000e-01
  1.1600000000e+00,  2.4060000000e-01, -2.4060000000e-01
  1.1700000000e+00,  2.6390000000e-01, -2.6390000000e-01
  1.1800000000e+00,  2.8740000000e-01, -2.8740000000e-01
  1.1900000000e+00,  3.1110000000e-01, -3.1110000000e-01
  1.2000000000e+00,  3.3500000000e-01, -3.3500000000e-01
  1.2100000000e+00,  3.7115000000e-01, -3.7115000000e-01
  1.2200000000e+00,  4.0760000000e-01, -4.0760000000e-01
  1.2300000000e+00,  4.4435000000e-01, -4.4435000000e-01
  1.2400000000e+00,  4.8140000000e-01, -4.8140000000e-01
  1.2500000000e+00,  5.1875000000e-01, -5.1875000000e-01
  1.2600000000e+00,  5.5640000000e-01, -5.5640000000e-01
  1.2700000000e+00,  5.9435000000e-01, -5.9435000000e-01
  1.2800000000e+00,  6.3260000000e-01, -6.3260000000e-01
  1.2900000000e+00,  6.7115000000e-01, -6.7115000000e-01
  1.3000000000e+00,  7.1000000000e-01, -7.1000000000e-01
  1.3100000000e+00,  7.2050706478e-01, -6.7140481563e-01
  1.3200000000e+00,  7.3062765880e-01, -6.3270649211e-01
  1.3300000000e+00,  7.4036077002e-01, -5.9390889924e-01
  1.3400000000e+00,  7.4970542511e-01, -5.5501591673e-01
  1.3500000000e+00,  7.5866068964e-01, -5.1603143387e-01
  1.3600000000e+00,  7.6722566807e-01, -4.7695934907e-01
  1.3700000000e+00,  7.7539950393e-01, -4.3780356949e-01
  1.3800000000e+00,  7.8318137982e-01, -3.9856801069e-01
  1.3900000000e+00,  7.9057051758e-01, -3.5925659619e-01
  1.4000000000e+00,  7.9756617829e-01, -3.1987325710e-01
  1.4100000000e+00,  8.0581803341e-01, -2.7055910037e-01
  1.4200000000e+00,  8.1357634260e-01, -2.2116489216e-01
  1.4300000000e+00,  8.2084033003e-01, -1.7169557183e-01
  1.4400000000e+00,  8.2760926930e-01, -1.2215608629e-01
  1.4500000000e+00,  8.3388248353e-01, -7.2551389436e-02
  1.4600000000e+00,  8.3965934540e-01, -2.2886441699e-02
  1.4700000000e+00,  8.4493927723e-01,  2.6833790466e-02
  1.4800000000e+00,  8.4972175103e-01,  7.6604335080e-02
  1.4900000000e+00,  8.5400628856e-01,  1.2642021513e-01
  1.5000000000e+00,  8.5779246136e-01,  1.7627644906e-01
  1.5100000000e+00,  8.6173737672e-01,  2.3614637175e-01
  1.5200000000e+00,  8.6508340559e-01,  2.9605274947e-01
  1.5300000000e+00,  8.6783021337e-01,  3.5598959162e-01
  1.5400000000e+00,  8.6997752537e-01,  4.1595090458e-01
  1.5500000000e+00,  8.7152512688e-01,  4.7593069225e-01
  1.5600000000e+00,  8.7247286312e-01,  5.3592295672e-01
  1.5700000000e+00,  8.7282063933e-01,  5.9592169881e-01
  1.5800000000e+00,  8.7256842073e-01,  6.5592091868e-01
  1.5900000000e+00,  8.7171623255e-01,  7.1591461648e-01
  1.6000000000e+00,  8.7026415999e-01,  7.7589679288e-01
  1.6100000000e+00,  8.6787037965e-01,  8.4585555918e-01
  1.6200000000e+00,  8.6477714299e-01,  9.1578689017e-01
  1.6300000000e+00,  8.6098475934e-01,  9.8568379277e-01
  1.6400000000e+00,  8.5649360793e-01,  1.0555392773e+00
  1.6500000000e+00,  8.5130413788e-01,  1.1253463584e+00
  1.6600000000e+00,  8.4541686811e-01,  1.1950980553e+00
  1.6700000000e+00,  8.3883238737e-01,  1.2647873930e+00
  1.6800000000e+00,  8.3155135408e-01,  1.3344074025e+00
  1.6900000000e+00,  8.2357449636e-01,  1.4039511218e+00
  1.7000000000e+00,  8.1490261186e-01,  1.4734115968e+00
  1.7100000000e+00,  8.0419856149e-01,  1.5526919221e+00
  1.7200000000e+00,  7.9270225628e-01,  1.6318612446e+00
  1.7300000000e+00,  7.8041484585e-01,  1.7109116476e+00
  1.7400000000e+00,  7.6733755893e-01,  1.7898352261e+00
  1.7500000000e+00,  7.5347170324e-01,  1.8686240877e+00
  1.7600000000e+00,  7.3881866535e-01,  1.9472703536e+00
  1.7700000000e+00,  7.2337991055e-01,  2.0257661594e+00
  1.7800000000e+00,  7.0715698271e-01,  2.1041036553e+00
  1.7900000000e+00,  6.9015150410e-01,  2.1822750079e+00
  1.8000000000e+00,  6.7236517527e-01,  2.2602724000e+00
  1.8100000000e+00,  6.5147909977e-01,  2.3478149859e+00
  1.8200000000e+00,  6.2971865729e-01,  2.4351443375e+00
  1.8300000000e+00,  6.0708602387e-01,  2.5222517218e+00
  1.8400000000e+00,  5.8358346274e-01,  2.6091284283e+00
  1.8500000000e+00,  5.5921332414e-01,  2.6957657692e+00
  1.8600000000e+00,  5.3397804508e-01,  2.7821550810e+00
  1.8700000000e+00,  5.0788014904e-01,  2.8682877248e+00
  1.8800000000e+00,  4.8092224581e-01,  2.9541550873e+00
  1.8900000000e+00,  4.5310703115e-01,  3.0397485820e+00
  1.9000000000e+00,  4.2443728655e-01,  3.1250596496e+00
  1.9100000000e+00,  3.9163572258e-01,  3.2195264377e+00
  1.9200000000e+00,  3.5789114653e-01,  3.3136604924e+00
  1.9300000000e+00,  3.2320693284e-01,  3.4074524003e+00
  1.9400000000e+00,  2.8758654990e-01,  3.5008927823e+00
  1.9500000000e+00,  2.5103355972e-01,  3.5939722944e+00
  1.9600000000e+00,  2.1355161756e-01,  3.6866816288e+00
  1.9700000000e+00,  1.7514447159e-01,  3.7790115146e+00
  1.9800000000e+00,  1.3581596250e-01,  3.8709527188e+00
  1.9900000000e+00,  9.5570023089e-02,  3.9624960475e+00
  2.0000000000e+00,  5.4410677934e-02,  4.0536323464e+00
  2.0100000000e+00,  1.5420284900e-01,  4.0073568479e+00
  2.0200000000e+00,  2.5352728322e-01,  3.9600857581e+00
  2.0300000000e+00,  3.5237404824e-01,  3.9118238040e+00
  2.0400000000e+00,  4.5073325947e-01,  3.8625758118e+00
  2.0500000000e+00,  5.4859508106e-01,  3.8123467063e+00
  2.0600000000e+00,  6.4594972692e-01,  3.7611415103e+00
  2.0700000000e+00,  7.4278746166e-01,  3.7089653443e+00
  2.0800000000e+00,  8.3909860160e-01,  3.6558234259e+00
  2.0900000000e+00,  9.3487351568e-01,  3.6017210692e+00
  2.1000000000e+00,  1.0301026265e+00,  3.5466636845e+00
  2.1100000000e+00,  1.1333831190e+00,  3.4855652403e+00
  2.1200000000e+00,  1.2360474732e+00,  3.4234370633e+00
  2.1300000000e+00,  1.3380854228e+00,  3.3602853663e+00
  2.1400000000e+00,  1.4394867641e+00,  3.2961164643e+00
  2.1500000000e+00,  1.5402413571e+00,  3.2309367742e+00
  2.1600000000e+00,  1.6403391263e+00,  3.1647528140e+00
  2.1700000000e+00,  1.7397700622e+00,  3.0975712019e+00
  2.1800000000e+00,  1.8385242216e+00,  3.0293986561e+00
  2.1900000000e+00,  1.9365917292e+00,  2.9602419938e+00
  2.2000000000e+00,  2.0339627784e+00,  2.8901081305e+00
  2.2100000000e+00,  2.1386830366e+00,  2.8130787421e+00
  2.2200000000e+00,  2.2426277778e+00,  2.7350060199e+00
  2.2300000000e+00,  2.3457866076e+00,  2.6558977713e+00
  2.2400000000e+00,  2.4481492102e+00,  2.5757619069e+00
  2.2500000000e+00,  2.5497053495e+00,  2.4946064404e+00
  2.2600000000e+00,  2.6504448698e+00,  2.4124394871e+00
  2.2700000000e+00,  2.7503576973e+00,  2.3292692637e+00
  2.2800000000e+00,  2.8494338409e+00,  2.2451040872e+00
  2.2900000000e+00,  2.9476633930e+00,  2.1599523740e+00
  2.3000000000e+00,  3.0450365307e+00,  2.0738226391e+00
  2.3100000000e+00,  3.1489671311e+00,  1.9800235615e+00
  2.3200000000e+00,  3.2519545599e+00,  1.8851898851e+00
  2.3300000000e+00,  3.3539885184e+00,  1.7893310932e+00
  2.3400000000e+00,  3.4550588033e+00,  1.6924567716e+00
  2.3500000000e+00,  3.5551553076e+00,  1.5945766077e+00
  2.3600000000e+00,  3.6542680219e+00,  1.4957003894e+00
  2.3700000000e+00,  3.7523870348e+00,  1.3958380043e+00
  2.3800000000e+00,  3.8495025346e+00,  1.2949994385e+00
  2.3900000000e+00,  3.9456048099e+00,  1.1931947757e+00
  2.4000000000e+00,  4.0406842504e+00,  1.0904341964e+00
  2.4100000000e+00,  4.1414489981e+00,  9.7932038936e-01
  2.4200000000e+00,  4.2410975881e+00,  8.6720450730e-01
  2.4300000000e+00,  4.3396200556e+00,  7.5409776169e-01
  2.4400000000e+00,  4.4370065484e+00,  6.4001146313e-01
  2.4500000000e+00,  4.5332473280e+00,  5.2495702013e-01
  2.4600000000e+00,  4.6283327703e+00,  4.0894593805e-01
  2.4700000000e+00,  4.7222533668e+00,  2.9198981790e-01
  2.4800000000e+00,  4.8149997257e+00,  1.7410035519e-01
  2.4900000000e+00,  4.9065625723e+00,  5.5289338783e-02
  2.5000000000e+00,  4.9969327505e+00, -6.4431350333e-02
  2.5100000000e+00,  5.0920457880e+00, -1.9309096617e-01
  2.5200000000e+00,  5.1858674953e+00, -3.2269526361e-01
  2.5300000000e+00,  5.2783884901e+00, -4.5323128232e-01
  2.5400000000e+00,  5.3695995205e+00, -5.8468596882e-01
  2.5500000000e+00,  5.4594914655e+00, -7.1704617774e-01
  2.5600000000e+00,  5.5480553358e+00, -8.5029867316e-01
  2.5700000000e+00,  5.6352822753e+00, -9.8443012997e-01
  2.5800000000e+00,  5.7211635612e+00, -1.1194271351e+00
  2.5900000000e+00,  5.8056906055e+00, -1.2552761890e+00
  2.6000000000e+00,  5.8888549556e+00, -1.3919637069e+00
  2.6100000000e+00,  5.9757603789e+00, -1.5380705396e+00
  2.6200000000e+00,  6.0612004129e+00, -1.6850391068e+00
  2.6300000000e+00,  6.1451665138e+00, -1.8328547118e+00
  2.6400000000e+00,  6.2276502850e+00, -1.9815025730e+00
  2.6500000000e+00,  6.3086434783e+00, -2.1309678259e+00
  2.6600000000e+00,  6.3881379943e+00, -2.2812355240e+00
  2.6700000000e+00,  6.4661258836e+00, -2.4322906407e+00
  2.6800000000e+00,  6.5425993476e+00, -2.5841180706e+00
  2.6900000000e+00,  6.6175507390e+00, -2.7367026311e+00
  2.7000000000e+00,  6.6909725626e+00, -2.8900290639e+00
  2.7100000000e+00,  6.7670860008e+00, -3.0531439759e+00
  2.7200000000e+00,  6.8415645114e+00, -3.2170118540e+00
  2.7300000000e+00,  6.9144006466e+00, -3.3816163114e+00
  2.7400000000e+00,  6.9855871229e+00, -3.5469408879e+00
  2.7500000000e+00,  7.0551168217e+00, -3.7129690511e+00
  2.7600000000e+00,  7.1229827901e+00, -3.8796841984e+00
  2.7700000000e+00,  7.1891782415e+00, -4.0470696584e+00
  2.7800000000e+00,  7.2536965565e+00, -4.2151086926e+00
  2.7900000000e+00,  7.3165312833e+00, -4.3837844974e+00
  2.8000000000e+00,  7.3776761384e+00, -4.5530802053e+00
  2.8100000000e+00,  7.4404277223e+00, -4.7324177024e+00
  2.8200000000e+00,  7.5013828237e+00, -4.9123737381e+00
  2.8300000000e+00,  7.5605353469e+00, -5.0929303169e+00
  2.8400000000e+00,  7.6178793769e+00, -5.2740693834e+00
  2.8500000000e+00,  7.6734091792e+00, -5.4557728237e+00
  2.8600000000e+00,  7.7271192009e+00, -5.6380224677e+00
  2.8700000000e+00,  7.7790040710e+00, -5.8208000906e+00
  2.8800000000e+00,  7.8290586012e+00, -6.0040874147e+00
  2.8900000000e+00,  7.8772777860e+00, -6.1878661114e+00
  2.9000000000e+00,  7.9236568035e+00, -6.3721178032e+00
  2.9100000000e+00,  7.9705349218e+00, -6.5665454470e+00
  2.9200000000e+00,  8.0154664521e+00, -6.7614321429e+00
  2.9300000000e+00,  8.0584469015e+00, -6.9567584024e+00
  2.9400000000e+00,  8.0994719717e+00, -7.1525046930e+00
  2.9500000000e+00,  8.1385375605e+00, -7.3486514402e+00
  2.9600000000e+00,  8.1756397612e+00, -7.5451790296e+00
  2.9700000000e+00,  8.2107748637e+00, -7.7420678084e+00
  2.9800000000e+00,  8.2439393544e+00, -7.9392980881e+00
  2.9900000000e+00,  8.2751299171e+00, -8.1368501457e+00
  3.0000000000e+00,  8.3043434325e+00, -8.3347042263e+00
  3.0100000000e+00,  8.3329386568e+00, -8.5427473604e+00
  3.0200000000e+00,  8.3594520547e+00, -8.7510660399e+00
  3.0300000000e+00,  8.3838809749e+00, -8.9596394331e+00
  3.0400000000e+00,  8.4062229745e+00, -9.1684466829e+00
  3.0500000000e+00,  8.4264758192e+00, -9.3774669086e+00
  3.0600000000e+00,  8.4446374840e+00, -9.5866792085e+00
  3.0700000000e+00,  8.4607061525e+00, -9.7960626616e+00
  3.0800000000e+00,  8.4746802179e+00, -1.0005596329e+01
  3.0900000000e+00,  8.4865582829e+00, -1.0215259259e+01
  3.1000000000e+00,  8.4963391597e+00, -1.0425030484e+01
  3.1100000000e+00,  8.5043877134e+00, -1.0644882292e+01
  3.1200000000e+00,  8.5102373833e+00, -1.0864803592e+01
  3.1300000000e+00,  8.5138875844e+00, -1.1084772391e+01
  3.1400000000e+00,  8.5153379516e+00, -1.1304766694e+01
  3.1500000000e+00,  8.5145883400e+00, -1.1524764500e+01
  3.1600000000e+00,  8.5116388245e+00, -1.1744743810e+01
  3.1700000000e+00,  8.5064896999e+00, -1.1964682627e+01
  3.1800000000e+00,  8.4991414814e+00, -1.2184558957e+01
  3.1900000000e+00,  8.4895949035e+00, -1.2404350812e+01
  3.2000000000e+00,  8.4778509211e+00, -1.2624036213e+01
  3.2100000000e+00,  8.4632770625e+00, -1.2853573055e+01
  3.2200000000e+00,  8.4464086024e+00, -1.3082952684e+01
  3.2300000000e+00,  8.4272472276e+00, -1.3312152163e+01
  3.2400000000e+00,  8.4057948543e+00, -1.3541148571e+01
  3.2500000000e+00,  8.3820536277e+00, -1.3769919009e+01
  3.2600000000e+00,  8.3560259219e+00, -1.3998440600e+01
  3.2700000000e+00,  8.3277143397e+00, -1.4226690493e+01
  3.2800000000e+00,  8.2971217121e+00, -1.4454645862e+01
  3.2900000000e+00,  8.2642510984e+00, -1.4682283912e+01
  3.3000000000e+00,  8.2291057858e+00, -1.4909581880e+01
  3.3100000000e+00,  8.1900624843e+00, -1.5146383781e+01
  3.3200000000e+00,  8.1486531554e+00, -1.5382783417e+01
  3.3300000000e+00,  8.1048819401e+00, -1.5618757145e+01
  3.3400000000e+00,  8.0587532153e+00, -1.5854281371e+01
  3.3500000000e+00,  8.0102715939e+00, -1.6089332541e+01
  3.3600000000e+00,  7.9594419241e+00, -1.6323887150e+01
  3.3700000000e+00,  7.9062692887e+00, -1.6557921743e+01
  3.3800000000e+00,  7.8507590050e+00, -1.6791412917e+01
  3.3900000000e+00,  7.7929166240e+00, -1.7024337323e+01
  3.4000000000e+00,  7.7327479298e+00, -1.7256671669e+01
  3.4100000000e+00,  7.6676552314e+00, -1.7498047765e+01
  3.4200000000e+00,  7.6001520669e+00, -1.7738760876e+01
  3.4300000000e+00,  7.5302451864e+00, -1.7978786932e+01
  3.4400000000e+00,  7.4579415808e+00, -1.8218101929e+01
  3.4500000000e+00,  7.3832484802e+00, -1.8456681936e+01
  3.4600000000e+00,  7.3061733539e+00, -1.8694503096e+01
  3.4700000000e+00,  7.2267239094e+00, -1.8931541626e+01
  3.4800000000e+00,  7.1449080916e+00, -1.9167773824e+01
  3.4900000000e+00,  7.0607340819e+00, -1.9403176065e+01
  3.5000000000e+00,  6.9742102976e+00, -1.9637724811e+01
  3.5100000000e+00,  6.8817907949e+00, -1.9880743477e+01
  3.5200000000e+00,  6.7869457670e+00, -2.0122825813e+01
  3.5300000000e+00,  6.6896846983e+00, -2.0363947610e+01
  3.5400000000e+00,  6.5900173148e+00, -2.0604084757e+01
  3.5500000000e+00,  6.4879535832e+00, -2.0843213240e+01
  3.5600000000e+00,  6.3835037097e+00, -2.1081309146e+01
  3.5700000000e+00,  6.2766781394e+00, -2.1318348667e+01
  3.5800000000e+00,  6.1674875545e+00, -2.1554308097e+01
  3.5900000000e+00,  6.0559428742e+00, -2.1789163842e+01
  3.6000000000e+00,  5.9420552527e+00, -2.2022892416e+01
  3.6100000000e+00,  5.8213661106e+00, -2.2264415756e+01
  3.6200000000e+00,  5.6982678098e+00, -2.2504720148e+01
  3.6300000000e+00,  5.5727726599e+00, -2.2743781562e+01
  3.6400000000e+00,  5.4448932104e+00, -2.2981576093e+01
  3.6500000000e+00,  5.3146422492e+00, -2.3218079961e+01
  3.6600000000e+00,  5.1820328012e+00, -2.3453269516e+01
  3.6700000000e+00,  5.0470781273e+00, -2.3687121239e+01
  3.6800000000e+00,  4.9097917228e+00, -2.3919611746e+01
  3.6900000000e+00,  4.7701873162e+00, -2.4150717787e+01
  3.7000000000e+00,  4.6282788679e+00, -2.4380416252e+01
  3.7100000000e+00,  4.4787398909e+00, -2.4617138539e+01
  3.7200000000e+00,  4.3268412073e+00, -2.4852353624e+01
  3.7300000000e+00,  4.1725980069e+00, -2.5086037988e+01
  3.7400000000e+00,  4.0160257140e+00, -2.5318168261e+01
  3.7500000000e+00,  3.8571399855e+00, -2.5548721231e+01
  3.7600000000e+00,  3.6959567100e+00, -2.5777673843e+01
  3.7700000000e+00,  3.5324920057e+00, -2.6005003201e+01
  3.7800000000e+00,  3.3667622188e+00, -2.6230686573e+01
  3.7900000000e+00,  3.1987839222e+00, -2.6454701391e+01
  3.8000000000e+00,  3.0285739136e+00, -2.6677025253e+01
  3.8100000000e+00,  2.8499911889e+00, -2.6905514880e+01
  3.8200000000e+00,  2.6691325351e+00, -2.7132207285e+01
  3.8300000000e+00,  2.4860160378e+00, -2.7357079799e+01
  3.8400000000e+00,  2.3006600087e+00, -2.7580109935e+01
  3.8500000000e+00,  2.1130829831e+00, -2.7801275390e+01
  3.8600000000e+00,  1.9233037185e+00, -2.8020554049e+01
  3.8700000000e+00,  1.7313411929e+00, -2.8237923982e+01
  3.8800000000e+00,  1.5372146021e+00, -2.8453363454e+01
  3.8900000000e+00,  1.3409433588e+00, -2.8666850920e+01
  3.9000000000e+00,  1.1425470899e+00, -2.8878365032e+01
  3.9100000000e+00,  9.3513179157e-01, -2.9095109453e+01
  3.9200000000e+00,  7.2555945583e-01, -2.9309768918e+01
  3.9300000000e+00,  5.1385103975e-01, -2.9522321962e+01
  3.9400000000e+00,  3.0002771399e-01, -2.9732747330e+01
  3.9500000000e+00,  8.4110860697e-02, -2.9941023979e+01
  3.9600000000e+00, -1.3387792862e-01, -3.0147131082e+01
  3.9700000000e+00, -3.5391685526e-01, -3.0351048027e+01
  3.9800000000e+00, -5.7598391552e-01, -3.0552754425e+01
  3.9900000000e+00, -8.0005690287e-01, -3.0752230103e+01
  4.0000000000e+00, -1.0261134102e+00, -3.0949455116e+01
  4.0100000000e+00, -1.2617314128e+00, -3.1150908227e+01
  4.0200000000e+00, -1.4993521321e+00, -3.1349995125e+01
  4.0300000000e+00, -1.7389518063e+00, -3.1546695901e+01
  4.0400000000e+00, -1.9805064756e+00, -3.1740990885e+01
  4.0500000000e+00, -2.2239919847e+00, -3.1932860648e+01
  4.0600000000e+00, -2.4693839853e+00, -3.2122286004e+01
  4.0700000000e+00, -2.7166579384e+00, -3.2309248009e+01
  4.0800000000e+00, -2.9657891167e+00, -3.2493727967e+01
  4.0900000000e+00, -3.2167526075e+00, -3.2675707432e+01
  4.1000000000e+00, -3.4695233145e+00, -3.2855168204e+01
  4.1100000000e+00, -3.7322873365e+00, -3.3037799569e+01
  4.1200000000e+00, -3.9968645037e+00, -3.3217794206e+01
  4.1300000000e+00, -4.2632283585e+00, -3.3395134115e+01
  4.1400000000e+00, -4.5313522648e+00, -3.3569801564e+01
  4.1500000000e+00, -4.8012094103e+00, -3.3741779084e+01
  4.1600000000e+00, -5.0727728097e+00, -3.3911049480e+01
  4.1700000000e+00, -5.3460153067e+00, -3.4077595823e+01
  4.1800000000e+00, -5.6209095774e+00, -3.4241401460e+01
  4.1900000000e+00, -5.8974281326e+00, -3.4402450010e+01
  4.2000000000e+00, -6.1755433206e+00, -3.4560725367e+01
  4.2100000000e+00, -6.4639674555e+00, -3.4721070654e+01
  4.2200000000e+00, -6.7539805954e+00, -3.4878523730e+01
  4.2300000000e+00, -7.0455537393e+00, -3.5033068850e+01
  4.2400000000e+00, -7.3386577302e+00, -3.5184690561e+01
  4.2500000000e+00, -7.6332632577e+00, -3.5333373699e+01
  4.2600000000e+00, -7.9293408618e+00, -3.5479103397e+01
  4.2700000000e+00, -8.2268609347e+00, -3.5621865082e+01
  4.2800000000e+00, -8.5257937248e+00, -3.5761644478e+01
  4.2900000000e+00, -8.8261093391e+00, -3.5898427607e+01
  4.3000000000e+00, -9.1277777462e+00, -3.6032200790e+01
  4.3100000000e+00, -9.4399503261e+00, -3.6166912769e+01
  4.3200000000e+00, -9.7534543947e+00, -3.6298496337e+01
  4.3300000000e+00, -1.0068258602e+01, -3.6426938339e+01
  4.3400000000e+00, -1.0384331468e+01, -3.6552225928e+01
  4.3500000000e+00, -1.0701641385e+01, -3.6674346578e+01
  4.3600000000e+00, -1.1020156623e+01, -3.6793288075e+01
  4.3700000000e+00, -1.1339845331e+01, -3.6909038526e+01
  4.3800000000e+00, -1.1660675540e+01, -3.7021586355e+01
  4.3900000000e+00, -1.1982615166e+01, -3.7130920309e+01
  4.4000000000e+00, -1.2305632018e+01, -3.7237029453e+01
  4.4100000000e+00, -1.2639225021e+01, -3.7342928875e+01
  4.4200000000e+00, -1.2973860321e+01, -3.7445487128e+01
  4.4300000000e+00, -1.3309504454e+01, -3.7544693955e+01
  4.4400000000e+00, -1.3646123858e+01, -3.7640539437e+01
  4.4500000000e+00, -1.3983684869e+01, -3.7733013989e+01
  4.4600000000e+00, -1.4322153733e+01, -3.7822108363e+01
  4.4700000000e+00, -1.4661496602e+01, -3.7907813650e+01
  4.4800000000e+00, -1.5001679543e+01, -3.7990121280e+01
  4.4900000000e+00, -1.5342668538e+01, -3.8069023022e+01
  4.5000000000e+00, -1.5684429487e+01, -3.8144510985e+01
  4.5100000000e+00, -1.6036713893e+01, -3.8218636669e+01
  4.5200000000e+00, -1.6389721930e+01, -3.8289235861e+01
  4.5300000000e+00, -1.6743418297e+01, -3.8356301501e+01
  4.5400000000e+00, -1.7097767624e+01, -3.8419826883e+01
  4.5500000000e+00, -1.7452734478e+01, -3.8479805655e+01
  4.5600000000e+00, -1.7808283360e+01, -3.8536231819e+01
  4.5700000000e+00, -1.8164378718e+01, -3.8589099732e+01
  4.5800000000e+00, -1.8520984942e+01, -3.8638404107e+01
  4.5900000000e+00, -1.8878066370e+01, -3.8684140014e+01
  4.6000000000e+00, -1.9235587297e+01, -3.8726302880e+01
  4.6100000000e+00, -1.9603454321e+01, -3.8765960310e+01
  4.6200000000e+00, -1.9971699519e+01, -3.8801937149e+01
  4.6300000000e+00, -2.0340286068e+01, -3.8834229798e+01
  4.6400000000e+00, -2.0709177109e+01, -3.8862835029e+01
  4.6500000000e+00, -2.1078335753e+01, -3.8887749980e+01
  4.6600000000e+00, -2.1447725084e+01, -3.8908972160e+01
  4.6700000000e+00, -2.1817308165e+01, -3.8926499448e+01
  4.6800000000e+00, -2.2187048036e+01, -3.8940330090e+01
  4.6900000000e+00, -2.2556907725e+01, -3.8950462704e+01
  4.7000000000e+00, -2.2926850245e+01, -3.8956896276e+01
  4.7100000000e+00, -2.3306838289e+01, -3.8959704051e+01
  4.7200000000e+00, -2.3686835410e+01, -3.8958711869e+01
  4.7300000000e+00, -2.4066803610e+01, -3.8953919828e+01
  4.7400000000e+00, -2.4446704892e+01, -3.8945328409e+01
  4.7500000000e+00, -2.4826501267e+01, -3.8932938469e+01
  4.7600000000e+00, -2.5206154754e+01, -3.8916751249e+01
  4.7700000000e+00, -2.5585627390e+01, -3.8896768366e+01
  4.7800000000e+00, -2.5964881226e+01, -3.8872991819e+01
  4.7900000000e+00, -2.6343878339e+01, -3.8845423986e+01
  4.8000000000e+00, -2.6722580828e+01, -3.8814067624e+01
  4.8100000000e+00, -2.7110907928e+01, -3.8778001084e+01
  4.8200000000e+00, -2.7498854954e+01, -3.8738053142e+01
  4.8300000000e+00, -2.7886383109e+01, -3.8694227791e+01
  4.8400000000e+00, -2.8273453642e+01, -3.8646529414e+01
  4.8500000000e+00, -2.8660027845e+01, -3.8594962782e+01
  4.8600000000e+00, -2.9046067063e+01, -3.8539533050e+01
  4.8700000000e+00, -2.9431532690e+01, -3.8480245762e+01
  4.8800000000e+00, -2.9816386182e+01, -3.8417106846e+01
  4.8900000000e+00, -3.0200589052e+01, -3.8350122617e+01
  4.9000000000e+00, -3.0584102881e+01, -3.8279299772e+01
  4.9100000000e+00, -3.0976704355e+01, -3.8202731178e+01
  4.9200000000e+00, -3.1368520525e+01, -3.8122240464e+01
  4.9300000000e+00, -3.1759512212e+01, -3.8037835678e+01
  4.9400000000e+00, -3.2149640315e+01, -3.7949525261e+01
  4.9500000000e+00, -3.2538865822e+01, -3.7857318043e+01
  4.9600000000e+00, -3.2927149812e+01, -3.7761223245e+01
  4.9700000000e+00, -3.3314453455e+01, -3.7661250476e+01
  4.9800000000e+00, -3.3700738023e+01, -3.7557409735e+01
  4.9900000000e+00, -3.4085964886e+01, -3.7449711404e+01
  5.0000000000e+00, -3.4470095523e+01, -3.7338166253e+01
  5.0100000000e+00, -3.4862666420e+01, -3.7219900917e+01
  5.0200000000e+00, -3.5254035055e+01, -3.7097715851e+01
  5.0300000000e+00, -3.5644162292e+01, -3.6971623272e+01
  5.0400000000e+00, -3.6033009118e+01, -3.6841635791e+01
  5.0500000000e+00, -3.6420536648e+01, -3.6707766406e+01
  5.0600000000e+00, -3.6806706131e+01, -3.6570028504e+01
  5.0700000000e+00, -3.7191478949e+01, -3.6428435857e+01
  5.0800000000e+00, -3.7574816626e+01, -3.6283002627e+01
  5.0900000000e+00, -3.7956680828e+01, -3.6133743355e+01
  5.1000000000e+00, -3.8337033370e+01, -3.5980672967e+01
  5.1100000000e+00, -3.8725075309e+01, -3.5819980767e+01
  5.1200000000e+00, -3.9111490951e+01, -3.5655416246e+01
  5.1300000000e+00, -3.9496241655e+01, -3.5486995861e+01
  5.1400000000e+00, -3.9879288945e+01, -3.5314736454e+01
  5.1500000000e+00, -4.0260594518e+01, -3.5138655251e+01
  5.1600000000e+00, -4.0640120244e+01, -3.4958769860e+01
  5.1700000000e+00, -4.1017828169e+01, -3.4775098269e+01
  5.1800000000e+00, -4.1393680523e+01, -3.4587658846e+01
  5.1900000000e+00, -4.1767639722e+01, -3.4396470333e+01
  5.2000000000e+00, -4.2139668370e+01, -3.4201551850e+01
  5.2100000000e+00, -4.2518540239e+01, -3.3998193627e+01
  5.2200000000e+00, -4.2895359615e+01, -3.3791056917e+01
  5.2300000000e+00, -4.3270088818e+01, -3.3580162432e+01
  5.2400000000e+00, -4.3642690375e+01, -3.3365531263e+01
  5.2500000000e+00, -4.4013127026e+01, -3.3147184871e+01
  5.2600000000e+00, -4.4381361728e+01, -3.2925145092e+01
  5.2700000000e+00, -4.4747357657e+01, -3.2699434129e+01
  5.2800000000e+00, -4.5111078215e+01, -3.2470074554e+01
  5.2900000000e+00, -4.5472487030e+01, -3.2237089301e+01
  5.3000000000e+00, -4.5831547960e+01, -3.2000501670e+01
  5.3100000000e+00, -4.6196519918e+01, -3.1754750054e+01
  5.3200000000e+00, -4.6559016153e+01, -3.1505361067e+01
  5.3300000000e+00, -4.6919000414e+01, -3.1252359648e+01
  5.3400000000e+00, -4.7276436704e+01, -3.0995771095e+01
  5.3500000000e+00, -4.7631289280e+01, -3.0735621069e+01
  5.3600000000e+00, -4.7983522656e+01, -3.0471935584e+01
  5.3700000000e+00, -4.8333101610e+01, -3.0204741008e+01
  5.3800000000e+00, -4.8679991184e+01, -2.9934064060e+01
  5.3900000000e+00, -4.9024156690e+01, -2.9659931808e+01
  5.4000000000e+00, -4.9365563710e+01, -2.9382371664e+01
  5.4100000000e+00, -4.9711873886e+01, -2.9095025925e+01
  5.4200000000e+00, -5.0055293338e+01, -2.8804231508e+01
  5.4300000000e+00, -5.0395787723e+01, -2.8510017494e+01
  5.4400000000e+00, -5.0733322993e+01, -2.8212413303e+01
  5.4500000000e+00, -5.1067865394e+01, -2.7911448696e+01
  5.4600000000e+00, -5.1399381471e+01, -2.7607153769e+01
  5.4700000000e+00, -5.1727838075e+01, -2.7299558951e+01
  5.4800000000e+00, -5.2053202359e+01, -2.6988695001e+01
  5.4900000000e+00, -5.2375441787e+01, -2.6674593006e+01
  5.5000000000e+00, -5.2694524136e+01, -2.6357284375e+01
  5.5100000000e+00, -5.3017437349e+01, -2.6029678983e+01
  5.5200000000e+00, -5.3337058418e+01, -2.5698860892e+01
  5.5300000000e+00, -5.3653355380e+01, -2.5364863185e+01
  5.5400000000e+00, -5.3966296607e+01, -2.5027719261e+01
  5.5500000000e+00, -5.4275850803e+01, -2.4687462833e+01
  5.5600000000e+00, -5.4581987014e+01, -2.4344127928e+01
  5.5700000000e+00, -5.4884674626e+01, -2.3997748879e+01
  5.5800000000e+00, -5.5183883371e+01, -2.3648360322e+01
  5.5900000000e+00, -5.5479583329e+01, -2.3295997198e+01
  5.6000000000e+00, -5.5771744930e+01, -2.2940694741e+01
  5.6100000000e+00, -5.6066612740e+01, -2.2574701389e+01
  5.6200000000e+00, -5.6357805934e+01, -2.2205777707e+01
  5.6300000000e+00, -5.6645295394e+01, -2.1833960589e+01
  5.6400000000e+00, -5.6929052370e+01, -2.1459287214e+01
  5.6500000000e+00, -5.7209048487e+01, -2.1081795050e+01
  5.6600000000e+00, -5.7485255746e+01, -2.0701521847e+01
  5.6700000000e+00, -5.7757646525e+01, -2.0318505630e+01
  5.6800000000e+00, -5.8026193587e+01, -1.9932784701e+01
  5.6900000000e+00, -5.8290870077e+01, -1.9544397633e+01
  5.7000000000e+00, -5.8551649527e+01, -1.9153383263e+01
  5.7100000000e+00, -5.8813970888e+01, -1.8751406169e+01
  5.7200000000e+00, -5.9072259429e+01, -1.8346826005e+01
  5.7300000000e+00, -5.9326489322e+01, -1.7939683227e+01
  5.7400000000e+00, -5.9576635143e+01, -1.7530018549e+01
  5.7500000000e+00, -5.9822671879e+01, -1.7117872938e+01
  5.7600000000e+00, -6.0064574925e+01, -1.6703287608e+01
  5.7700000000e+00, -6.0302320092e+01, -1.6286304016e+01
  5.7800000000e+00, -6.0535883606e+01, -1.5866963862e+01
  5.7900000000e+00, -6.0765242110e+01, -1.5445309078e+01
  5.8000000000e+00, -6.0990372668e+01, -1.5021381830e+01
  5.8100000000e+00, -6.1215854437e+01, -1.4586346232e+01
  5.8200000000e+00, -6.1436974648e+01, -1.4149077607e+01
  5.8300000000e+00, -6.1653711191e+01, -1.3709619679e+01
  5.8400000000e+00, -6.1866042390e+01, -1.3268016394e+01
  5.8500000000e+00, -6.2073947014e+01, -1.2824311913e+01
  5.8600000000e+00, -6.2277404271e+01, -1.2378550605e+01
  5.8700000000e+00, -6.2476393818e+01, -1.1930777047e+01
  5.8800000000e+00, -6.2670895753e+01, -1.1481036014e+01
  5.8900000000e+00, -6.2860890629e+01, -1.1029372482e+01
  5.9000000000e+00, -6.3046359444e+01, -1.0575831615e+01
  5.9100000000e+00, -6.3230975984e+01, -1.0111165445e+01
  5.9200000000e+00, -6.3410936709e+01, -9.6446763732e+00
  5.9300000000e+00, -6.3586223624e+01, -9.1764110484e+00
  5.9400000000e+00, -6.3756819198e+01, -8.7064162967e+00
  5.9500000000e+00, -6.3922706374e+01, -8.2347391173e+00
  5.9600000000e+00, -6.4083868562e+01, -7.7614266774e+00
  5.9700000000e+00, -6.4240289647e+01, -7.2865263079e+00
  5.9800000000e+00, -6.4391953986e+01, -6.8100854985e+00
  5.9900000000e+00, -6.4538846413e+01, -6.3321518928e+00
  6.0000000000e+00, -6.4680952240e+01, -5.8527732837e+00
  6.0100000000e+00, -6.4821003355e+01, -5.3623820954e+00
  6.0200000000e+00, -6.4956143638e+01, -4.8706149386e+00
  6.0300000000e+00, -6.5086359574e+01, -4.3775209896e+00
  6.0400000000e+00, -6.5211638142e+01, -3.8831495574e+00
  6.0500000000e+00, -6.5331966814e+01, -3.3875500789e+00
  6.0600000000e+00, -6.5447333557e+01, -2.8907721134e+00
  6.0700000000e+00, -6.5557726836e+01, -2.3928653384e+00
  6.0800000000e+00, -6.5663135610e+01, -1.8938795441e+00
  6.0900000000e+00, -6.5763549339e+01, -1.3938646288e+00
  6.1000000000e+00, -6.5858957981e+01, -8.9287059346e-01
  6.1100000000e+00, -6.5951124428e+01, -3.8110590852e-01
  6.1200000000e+00, -6.6038168705e+01,  1.3155483751e-01
  6.1300000000e+00, -6.6120082108e+01,  6.4506037897e-01
  6.1400000000e+00, -6.6196856445e+01,  1.1593593657e+00
  6.1500000000e+00, -6.6268484040e+01,  1.6744003684e+00
  6.1600000000e+00, -6.6334957729e+01,  2.1901318832e+00
  6.1700000000e+00, -6.6396270865e+01,  2.7065023374e+00
  6.1800000000e+00, -6.6452417317e+01,  3.2234600945e+00
  6.1900000000e+00, -6.6503391470e+01,  3.7409534590e+00
  6.2000000000e+00, -6.6549188227e+01,  4.2589306822e+00
  6.2100000000e+00, -6.6590584062e+01,  4.7873093760e+00
  6.2200000000e+00, -6.6626694129e+01,  5.3160756025e+00
  6.2300000000e+00, -6.6657514815e+01,  5.8451764855e+00
  6.2400000000e+00, -6.6683043040e+01,  6.3745591155e+00
  6.2500000000e+00, -6.6703276251e+01,  6.9041705545e+00
  6.2600000000e+00, -6.6718212424e+01,  7.4339578419e+00
  6.2700000000e+00, -6.6727850065e+01,  7.9638679995e+00
  6.2800000000e+00, -6.6732188211e+01,  8.4938480365e+00
  6.2900000000e+00, -6.6731226429e+01,  9.0238449555e+00
  6.3000000000e+00, -6.6724964813e+01,  9.5538057572e+00
  6.3100000000e+00, -6.6713185863e+01,  1.0093675025e+01
  6.3200000000e+00, -6.6696008898e+01,  1.0633399512e+01
  6.3300000000e+00, -6.6673435638e+01,  1.1172925246e+01
  6.3400000000e+00, -6.6645468338e+01,  1.1712198276e+01
  6.3500000000e+00, -6.6612109797e+01,  1.2251164673e+01
  6.3600000000e+00, -6.6573363349e+01,  1.2789770543e+01
  6.3700000000e+00, -6.6529232870e+01,  1.3327962024e+01
  6.3800000000e+00, -6.6479722772e+01,  1.3865685299e+01
  6.3900000000e+00, -6.6424838006e+01,  1.4402886595e+01
  6.4000000000e+00, -6.6364584062e+01,  1.4939512193e+01
  6.4100000000e+00, -6.6297751832e+01,  1.5485434287e+01
  6.4200000000e+00, -6.6225463813e+01,  1.6030660773e+01
  6.4300000000e+00, -6.6147727235e+01,  1.6575137130e+01
  6.4400000000e+00, -6.6064549871e+01,  1.7118808911e+01
  6.4500000000e+00, -6.5975940039e+01,  1.7661621749e+01
  6.4600000000e+00, -6.5881906599e+01,  1.8203521363e+01
  6.4700000000e+00, -6.5782458955e+01,  1.8744453563e+01
  6.4800000000e+00, -6.5677607051e+01,  1.9284364257e+01
  6.4900000000e+00, -6.5567361373e+01,  1.9823199454e+01
  6.5000000000e+00, -6.5451732945e+01,  2.0360905271e+01
  6.5100000000e+00, -6.5328533337e+01,  2.0907182896e+01
  6.5200000000e+00, -6.5199877203e+01,  2.1452201231e+01
  6.5300000000e+00, -6.5065777410e+01,  2.1995905776e+01
  6.5400000000e+00, -6.4926247367e+01,  2.2538242160e+01
  6.5500000000e+00, -6.4781301027e+01,  2.3079156151e+01
  6.5600000000e+00, -6.4630952885e+01,  2.3618593657e+01
  6.5700000000e+00, -6.4475217974e+01,  2.4156500735e+01
  6.5800000000e+00, -6.4314111869e+01,  2.4692823594e+01
  6.5900000000e+00, -6.4147650681e+01,  2.5227508604e+01
  6.6000000000e+00, -6.3975851054e+01,  2.5760502295e+01
  6.6100000000e+00, -6.3795567296e+01,  2.6301237960e+01
  6.6200000000e+00, -6.3609885286e+01,  2.6840143780e+01
  6.6300000000e+00, -6.3418823591e+01,  2.7377165867e+01
  6.6400000000e+00, -6.3222401318e+01,  2.7912250517e+01
  6.6500000000e+00, -6.3020638109e+01,  2.8445344224e+01
  6.6600000000e+00, -6.2813554139e+01,  2.8976393677e+01
  6.6700000000e+00, -6.2601170118e+01,  2.9505345773e+01
  6.6800000000e+00, -6.2383507283e+01,  3.0032147617e+01
  6.6900000000e+00, -6.2160587400e+01,  3.0556746529e+01
  6.7000000000e+00, -6.1932432762e+01,  3.1079090050e+01
  6.7100000000e+00, -6.1694972032e+01,  3.1608249382e+01
  6.7200000000e+00, -6.1452231671e+01,  3.2135007688e+01
  6.7300000000e+00, -6.1204235951e+01,  3.2659312294e+01
  6.7400000000e+00, -6.0951009672e+01,  3.3181110769e+01
  6.7500000000e+00, -6.0692578156e+01,  3.3700350933e+01
  6.7600000000e+00, -6.0428967247e+01,  3.4216980864e+01
  6.7700000000e+00, -6.0160203305e+01,  3.4730948898e+01
  6.7800000000e+00, -5.9886313206e+01,  3.5242203640e+01
  6.7900000000e+00, -5.9607324340e+01,  3.5750693963e+01
  6.8000000000e+00, -5.9323264604e+01,  3.6256369020e+01
  6.8100000000e+00, -5.9029177885e+01,  3.6767847368e+01
  6.8200000000e+00, -5.8729991171e+01,  3.7276359324e+01
  6.8300000000e+00, -5.8425734382e+01,  3.7781854038e+01
  6.8400000000e+00, -5.8116437942e+01,  3.8284280960e+01
  6.8500000000e+00, -5.7802132782e+01,  3.8783589847e+01
  6.8600000000e+00, -5.7482850331e+01,  3.9279730771e+01
  6.8700000000e+00, -5.7158622518e+01,  3.9772654116e+01
  6.8800000000e+00, -5.6829481765e+01,  4.0262310591e+01
  6.8900000000e+00, -5.6495460985e+01,  4.0748651231e+01
  6.9000000000e+00, -5.6156593581e+01,  4.1231627402e+01
  6.9100000000e+00, -5.5807088352e+01,  4.1719319000e+01
  6.9200000000e+00, -5.5452723763e+01,  4.2203491220e+01
  6.9300000000e+00, -5.5093535251e+01,  4.2684095644e+01
  6.9400000000e+00, -5.4729558734e+01,  4.3161084213e+01
  6.9500000000e+00, -5.4360830609e+01,  4.3634409228e+01
  6.9600000000e+00, -5.3987387750e+01,  4.4104023358e+01
  6.9700000000e+00, -5.3609267499e+01,  4.4569879641e+01
  6.9800000000e+00, -5.3226507669e+01,  4.5031931491e+01
  6.9900000000e+00, -5.2839146536e+01,  4.5490132705e+01
  7.0000000000e+00, -5.2447222834e+01,  4.5944437462e+01
  7.0100000000e+00, -5.2044168305e+01,  4.6402306380e+01
  7.0200000000e+00, -5.1636555317e+01,  4.6856121927e+01
  7.0300000000e+00, -5.1224424628e+01,  4.7305838721e+01
  7.0400000000e+00, -5.0807817453e+01,  4.7751411791e+01
  7.0500000000e+00, -5.0386775452e+01,  4.8192796581e+01
  7.0600000000e+00, -4.9961340729e+01,  4.8629948951e+01
  7.0700000000e+00, -4.9531555826e+01,  4.9062825188e+01
  7.0800000000e+00, -4.9097463722e+01,  4.9491382004e+01
  7.0900000000e+00, -4.8659107826e+01,  4.9915576544e+01
  7.1000000000e+00, -4.8216531972e+01,  5.0335366388e+01
  7.1100000000e+00, -4.7762456623e+01,  5.0757518462e+01
  7.1200000000e+00, -4.7304182527e+01,  5.1175108751e+01
  7.1300000000e+00, -4.6841755511e+01,  5.1588095496e+01
  7.1400000000e+00, -4.6375221818e+01,  5.1996437399e+01
  7.1500000000e+00, -4.5904628100e+01,  5.2400093626e+01
  7.1600000000e+00, -4.5430021417e+01,  5.2799023812e+01
  7.1700000000e+00, -4.4951449228e+01,  5.3193188063e+01
  7.1800000000e+00, -4.4468959391e+01,  5.3582546964e+01
  7.1900000000e+00, -4.3982600155e+01,  5.3967061580e+01
  7.2000000000e+00, -4.3492420154e+01,  5.4346693458e+01
  7.2100000000e+00, -4.2990501442e+01,  5.4727448366e+01
  7.2200000000e+00, -4.2484800341e+01,  5.5103165133e+01
  7.2300000000e+00, -4.1975367419e+01,  5.5473806187e+01
  7.2400000000e+00, -4.1462253621e+01,  5.5839334464e+01
  7.2500000000e+00, -4.0945510255e+01,  5.6199713414e+01
  7.2600000000e+00, -4.0425188998e+01,  5.6554906996e+01
  7.2700000000e+00, -3.9901341879e+01,  5.6904879694e+01
  7.2800000000e+00, -3.9374021284e+01,  5.7249596509e+01
  7.2900000000e+00, -3.8843279944e+01,  5.7589022970e+01
  7.3000000000e+00, -3.8309170933e+01,  5.7923125136e+01
  7.3100000000e+00, -3.7763217133e+01,  5.8257087761e+01
  7.3200000000e+00, -3.7213951060e+01,  5.8585574241e+01
  7.3300000000e+00, -3.6661427640e+01,  5.8908551728e+01
  7.3400000000e+00, -3.6105702125e+01,  5.9225987924e+01
  7.3500000000e+00, -3.5546830087e+01,  5.9537851085e+01
  7.3600000000e+00, -3.4984867412e+01,  5.9844110027e+01
  7.3700000000e+00, -3.4419870297e+01,  6.0144734122e+01
  7.3800000000e+00, -3.3851895241e+01,  6.0439693310e+01
  7.3900000000e+00, -3.3280999041e+01,  6.0728958093e+01
  7.4000000000e+00, -3.2707238785e+01,  6.1012499547e+01
  7.4100000000e+00, -3.2121662992e+01,  6.1294629782e+01
  7.4200000000e+00, -3.1533295222e+01,  6.1570890251e+01
  7.4300000000e+00, -3.0942194312e+01,  6.1841253326e+01
  7.4400000000e+00, -3.0348419370e+01,  6.2105691974e+01
  7.4500000000e+00, -2.9752029775e+01,  6.2364179748e+01
  7.4600000000e+00, -2.9153085164e+01,  6.2616690802e+01
  7.4700000000e+00, -2.8551645432e+01,  6.2863199885e+01
  7.4800000000e+00, -2.7947770722e+01,  6.3103682345e+01
  7.4900000000e+00, -2.7341521420e+01,  6.3338114134e+01
  7.5000000000e+00, -2.6732958152e+01,  6.3566471810e+01
  7.5100000000e+00, -2.6112744599e+01,  6.3792151933e+01
  7.5200000000e+00, -2.5490305292e+01,  6.4011618739e+01
  7.5300000000e+00, -2.4865702475e+01,  6.4224850283e+01
  7.5400000000e+00, -2.4238998608e+01,  6.4431825242e+01
  7.5500000000e+00, -2.3610256361e+01,  6.4632522917e+01
  7.5600000000e+00, -2.2979538608e+01,  6.4826923240e+01
  7.5700000000e+00, -2.2346908419e+01,  6.5015006771e+01
  7.5800000000e+00, -2.1712429058e+01,  6.5196754701e+01
  7.5900000000e+00, -2.1076163972e+01,  6.5372148856e+01
  7.6000000000e+00, -2.0438176786e+01,  6.5541171697e+01
  7.6100000000e+00, -1.9788839700e+01,  6.5706270482e+01
  7.6200000000e+00, -1.9137884121e+01,  6.5864867749e+01
  7.6300000000e+00, -1.8485375143e+01,  6.6016947640e+01
  7.6400000000e+00, -1.7831378017e+01,  6.6162494945e+01
  7.6500000000e+00, -1.7175958142e+01,  6.6301495111e+01
  7.6600000000e+00, -1.6519181059e+01,  6.6433934237e+01
  7.6700000000e+00, -1.5861112445e+01,  6.6559799080e+01
  7.6800000000e+00, -1.5201818107e+01,  6.6679077054e+01
  7.6900000000e+00, -1.4541363973e+01,  6.6791756230e+01
  7.7000000000e+00, -1.3879816089e+01,  6.6897825340e+01
  7.7100000000e+00, -1.3207351423e+01,  6.6998758084e+01
  7.7200000000e+00, -1.2533911068e+01,  6.7092961247e+01
  7.7300000000e+00, -1.1859562370e+01,  6.7180425409e+01
  7.7400000000e+00, -1.1184372761e+01,  6.7261141822e+01
  7.7500000000e+00, -1.0508409762e+01,  6.7335102416e+01
  7.7600000000e+00, -9.8317409659e+00,  6.7402299795e+01
  7.7700000000e+00, -9.1544340409e+00,  6.7462727239e+01
  7.7800000000e+00, -8.4765567165e+00,  6.7516378705e+01
  7.7900000000e+00, -7.7981767801e+00,  6.7563248829e+01
  7.8000000000e+00, -7.1193620689e+00,  6.7603332922e+01
  7.8100000000e+00, -6.4301924991e+00,  6.7637116596e+01
  7.8200000000e+00, -5.7407195564e+00,  6.7664007000e+01
  7.8300000000e+00, -5.0510121875e+00,  6.7684001445e+01
  7.8400000000e+00, -4.3611393626e+00,  6.7697097931e+01
  7.8500000000e+00, -3.6711700684e+00,  6.7703295150e+01
  7.8600000000e+00, -2.9811733011e+00,  6.7702592480e+01
  7.8700000000e+00, -2.2912180601e+00,  6.7694989993e+01
  7.8800000000e+00, -1.6013733400e+00,  6.7680488449e+01
  7.8900000000e+00, -9.1170812501e-01,  6.7659089297e+01
  7.9000000000e+00, -2.2229138089e-01,  6.7630794678e+01
  7.9100000000e+00,  4.7679489804e-01,  6.7595097462e+01
  7.9200000000e+00,  1.1754892567e+00,  6.7552411283e+01
  7.9300000000e+00,  1.8737218263e+00,  6.7502740412e+01
  7.9400000000e+00,  2.5714227842e+00,  6.7446089815e+01
  7.9500000000e+00,  3.2685223607e+00,  6.7382465158e+01
  7.9600000000e+00,  3.9649508466e+00,  6.7311872802e+01
  7.9700000000e+00,  4.6606385995e+00,  6.7234319806e+01
  7.9800000000e+00,  5.3555160514e+00,  6.7149813927e+01
  7.9900000000e+00,  6.0495137149e+00,  6.7058363614e+01
  8.0000000000e+00,  6.7425621910e+00,  6.6959978013e+01
  8.0100000000e+00,  7.4444783179e+00,  6.6853162519e+01
  8.0200000000e+00,  8.1452912122e+00,  6.6739333320e+01
  8.0300000000e+00,  8.8449307931e+00,  6.6618501801e+01
  8.0400000000e+00,  9.5433270973e+00,  6.6490680044e+01
  8.0500000000e+00,  1.0240410286e+01,  6.6355880832e+01
  8.0600000000e+00,  1.0936110651e+01,  6.6214117644e+01
  8.0700000000e+00,  1.1630358622e+01,  6.6065404656e+01
  8.0800000000e+00,  1.2323084777e+01,  6.5909756740e+01
  8.0900000000e+00,  1.3014219843e+01,  6.5747189460e+01
  8.1000000000e+00,  1.3703694706e+01,  6.5577719073e+01
  8.1100000000e+00,  1.4401126979e+01,  6.5398878631e+01
  8.1200000000e+00,  1.5096736007e+01,  6.5213072924e+01
  8.1300000000e+00,  1.5790452228e+01,  6.5020320533e+01
  8.1400000000e+00,  1.6482206272e+01,  6.4820640732e+01
  8.1500000000e+00,  1.7171928964e+01,  6.4614053491e+01
  8.1600000000e+00,  1.7859551332e+01,  6.4400579467e+01
  8.1700000000e+00,  1.8545004615e+01,  6.4180240007e+01
  8.1800000000e+00,  1.9228220267e+01,  6.3953057146e+01
  8.1900000000e+00,  1.9909129968e+01,  6.3719053601e+01
  8.2000000000e+00,  2.0587665628e+01,  6.3478252773e+01
  8.2100000000e+00,  2.1273149584e+01,  6.3227240213e+01
  8.2200000000e+00,  2.1956089182e+01,  6.2969385478e+01
  8.2300000000e+00,  2.2636416129e+01,  6.2704714354e+01
  8.2400000000e+00,  2.3314062393e+01,  6.2433253307e+01
  8.2500000000e+00,  2.3988960210e+01,  6.2155029483e+01
  8.2600000000e+00,  2.4661042090e+01,  6.1870070705e+01
  8.2700000000e+00,  2.5330240826e+01,  6.1578405467e+01
  8.2800000000e+00,  2.5996489499e+01,  6.1280062937e+01
  8.2900000000e+00,  2.6659721484e+01,  6.0975072948e+01
  8.3000000000e+00,  2.7319870459e+01,  6.0663466000e+01
  8.3100000000e+00,  2.7985870408e+01,  6.0340914447e+01
  8.3200000000e+00,  2.8648611596e+01,  6.0011719133e+01
  8.3300000000e+00,  2.9308027748e+01,  5.9675912977e+01
  8.3400000000e+00,  2.9964052925e+01,  5.9333529560e+01
  8.3500000000e+00,  3.0616621523e+01,  5.8984603119e+01
  8.3600000000e+00,  3.1265668287e+01,  5.8629168547e+01
  8.3700000000e+00,  3.1911128313e+01,  5.8267261388e+01
  8.3800000000e+00,  3.2552937054e+01,  5.7898917831e+01
  8.3900000000e+00,  3.3191030332e+01,  5.7524174710e+01
  8.4000000000e+00,  3.3825344336e+01,  5.7143069500e+01
  8.4100000000e+00,  3.4464335518e+01,  5.6750404782e+01
  8.4200000000e+00,  3.5099368169e+01,  5.6351369891e+01
  8.4300000000e+00,  3.5730378787e+01,  5.5946004730e+01
  8.4400000000e+00,  3.6357304270e+01,  5.5534349838e+01
  8.4500000000e+00,  3.6980081927e+01,  5.5116446377e+01
  8.4600000000e+00,  3.7598649481e+01,  5.4692336138e+01
  8.4700000000e+00,  3.8212945074e+01,  5.4262061533e+01
  8.4800000000e+00,  3.8822907279e+01,  5.3825665587e+01
  8.4900000000e+00,  3.9428475099e+01,  5.3383191941e+01
  8.5000000000e+00,  4.0029587978e+01,  5.2934684840e+01
  8.5100000000e+00,  4.0634140444e+01,  5.2474129194e+01
  8.5200000000e+00,  4.1234057202e+01,  5.2007551151e+01
  8.5300000000e+00,  4.1829278262e+01,  5.1534997370e+01
  8.5400000000e+00,  4.2419744102e+01,  5.1056515104e+01
  8.5500000000e+00,  4.3005395676e+01,  5.0572152203e+01
  8.5600000000e+00,  4.3586174420e+01,  5.0081957101e+01
  8.5700000000e+00,  4.4162022255e+01,  4.9585978818e+01
  8.5800000000e+00,  4.4732881598e+01,  4.9084266952e+01
  8.5900000000e+00,  4.5298695364e+01,  4.8576871673e+01
  8.6000000000e+00,  4.5859406971e+01,  4.8063843719e+01
  8.6100000000e+00,  4.6422270261e+01,  4.7538410588e+01
  8.6200000000e+00,  4.6979851164e+01,  4.7007375189e+01
  8.6300000000e+00,  4.7532093924e+01,  4.6470790625e+01
  8.6400000000e+00,  4.8078943315e+01,  4.5928710555e+01
  8.6500000000e+00,  4.8620344653e+01,  4.5381189185e+01
  8.6600000000e+00,  4.9156243800e+01,  4.4828281269e+01
  8.6700000000e+00,  4.9686587164e+01,  4.4270042095e+01
  8.6800000000e+00,  5.0211321713e+01,  4.3706527488e+01
  8.6900000000e+00,  5.0730394973e+01,  4.3137793799e+01
  8.7000000000e+00,  5.1243755038e+01,  4.2563897899e+01
  8.7100000000e+00,  5.1757942721e+01,  4.1977377690e+01
  8.7200000000e+00,  5.2266239591e+01,  4.1385745015e+01
  8.7300000000e+00,  5.2768594818e+01,  4.0789059037e+01
  8.7400000000e+00,  5.3264958167e+01,  4.0187379425e+01
  8.7500000000e+00,  5.3755280003e+01,  3.9580766346e+01
  8.7600000000e+00,  5.4239511292e+01,  3.8969280460e+01
  8.7700000000e+00,  5.4717603614e+01,  3.8352982917e+01
  8.7800000000e+00,  5.5189509158e+01,  3.7731935344e+01
  8.7900000000e+00,  5.5655180735e+01,  3.7106199847e+01
  8.8000000000e+00,  5.6114571778e+01,  3.6475838999e+01
  8.8100000000e+00,  5.6573444868e+01,  3.5832775793e+01
  8.8200000000e+00,  5.7025864490e+01,  3.5185156086e+01
  8.8300000000e+00,  5.7471785402e+01,  3.4533044639e+01
  8.8400000000e+00,  5.7911163013e+01,  3.3876506663e+01
  8.8500000000e+00,  5.8343953384e+01,  3.3215607810e+01
  8.8600000000e+00,  5.8770113238e+01,  3.2550414170e+01
  8.8700000000e+00,  5.9189599958e+01,  3.1880992262e+01
  8.8800000000e+00,  5.9602371597e+01,  3.1207409028e+01
  8.8900000000e+00,  6.0008386877e+01,  3.0529731825e+01
  8.9000000000e+00,  6.0407605197e+01,  2.9848028420e+01
  8.9100000000e+00,  6.0804953490e+01,  2.9153687725e+01
  8.9200000000e+00,  6.1195338625e+01,  2.8455408330e+01
  8.9300000000e+00,  6.1578721563e+01,  2.7753260063e+01
  8.9400000000e+00,  6.1955063966e+01,  2.7047313137e+01
  8.9500000000e+00,  6.2324328200e+01,  2.6337638146e+01
  8.9600000000e+00,  6.2686477340e+01,  2.5624306059e+01
  8.9700000000e+00,  6.3041475171e+01,  2.4907388207e+01
  8.9800000000e+00,  6.3389286193e+01,  2.4186956281e+01
  8.9900000000e+00,  6.3729875625e+01,  2.3463082324e+01
  9.0000000000e+00,  6.4063209409e+01,  2.2735838723e+01
  9.0100000000e+00,  6.4393329771e+01,  2.1996166445e+01
  9.0200000000e+00,  6.4716037029e+01,  2.1253230002e+01
  9.0300000000e+00,  6.5031298910e+01,  2.0507103686e+01
  9.0400000000e+00,  6.5339083890e+01,  1.9757862111e+01
  9.0500000000e+00,  6.5639361190e+01,  1.9005580198e+01
  9.0600000000e+00,  6.5932100782e+01,  1.8250333177e+01
  9.0700000000e+00,  6.6217273393e+01,  1.7492196570e+01
  9.0800000000e+00,  6.6494850506e+01,  1.6731246191e+01
  9.0900000000e+00,  6.6764804363e+01,  1.5967558135e+01
  9.1000000000e+00,  6.7027107969e+01,  1.5201208769e+01
  9.1100000000e+00,  6.7284878639e+01,  1.4422781715e+01
  9.1200000000e+00,  6.7534852279e+01,  1.3641815918e+01
  9.1300000000e+00,  6.7777003894e+01,  1.2858389474e+01
  9.1400000000e+00,  6.8011309267e+01,  1.2072580726e+01
  9.1500000000e+00,  6.8237744968e+01,  1.1284468253e+01
  9.1600000000e+00,  6.8456288354e+01,  1.0494130866e+01
  9.1700000000e+00,  6.8666917571e+01,  9.7016475987e+00
  9.1800000000e+00,  6.8869611556e+01,  8.9070976977e+00
  9.1900000000e+00,  6.9064350040e+01,  8.1105606179e+00
  9.2000000000e+00,  6.9251113549e+01,  7.3121160121e+00
  9.2100000000e+00,  6.9432063527e+01,  6.5020843062e+00
  9.2200000000e+00,  6.9604904276e+01,  5.6902836319e+00
  9.2300000000e+00,  6.9769618511e+01,  4.8767951686e+00
  9.2400000000e+00,  6.9926189762e+01,  4.0617002645e+00
  9.2500000000e+00,  7.0074602370e+01,  3.2450804284e+00
  9.2600000000e+00,  7.0214841496e+01,  2.4270173216e+00
  9.2700000000e+00,  7.0346893116e+01,  1.6075927497e+00
  9.2800000000e+00,  7.0470744024e+01,  7.8688865450e-01
  9.2900000000e+00,  7.0586381835e+01, -3.5012894254e-02
  9.3000000000e+00,  7.0693794985e+01, -8.5802970711e-01
  9.3100000000e+00,  7.0794167647e+01, -1.6920077936e+00
  9.3200000000e+00,  7.0886195648e+01, -2.5269478915e+00
  9.3300000000e+00,  7.0969869786e+01, -3.3627665074e+00
  9.3400000000e+00,  7.1045181694e+01, -4.1993800601e+00
  9.3500000000e+00,  7.1112123840e+01, -5.0367048890e+00
  9.3600000000e+00,  7.1170689530e+01, -5.8746572623e+00
  9.3700000000e+00,  7.1220872908e+01, -6.7131533855e+00
  9.3800000000e+00,  7.1262668955e+01, -7.5521094097e+00
  9.3900000000e+00,  7.1296073492e+01, -8.3914414399e+00
  9.4000000000e+00,  7.1321083178e+01, -9.2310655437e+00
  9.4100000000e+00,  7.1337893279e+01, -1.0080895762e+01
  9.4200000000e+00,  7.1346204378e+01, -1.0930851587e+01
  9.4300000000e+00,  7.1346015646e+01, -1.1780848024e+01
  9.4400000000e+00,  7.1337327100e+01, -1.2630800075e+01
  9.4500000000e+00,  7.1320139610e+01, -1.3480622744e+01
  9.4600000000e+00,  7.1294454894e+01, -1.4330231051e+01
  9.4700000000e+00,  7.1260275521e+01, -1.5179540035e+01
  9.4800000000e+00,  7.1217604908e+01, -1.6028464765e+01
  9.4900000000e+00,  7.1166447323e+01, -1.6876920351e+01
  9.5000000000e+00,  7.1106807882e+01, -1.7724821946e+01
  9.5100000000e+00,  7.1037891191e+01, -1.8582052561e+01
  9.5200000000e+00,  7.0960405782e+01, -1.9438551159e+01
  9.5300000000e+00,  7.0874359405e+01, -2.0294232091e+01
  9.5400000000e+00,  7.0779760663e+01, -2.1149009790e+01
  9.5500000000e+00,  7.0676619017e+01, -2.2002798779e+01
  9.5600000000e+00,  7.0564944780e+01, -2.2855513679e+01
  9.5700000000e+00,  7.0444749119e+01, -2.3707069221e+01
  9.5800000000e+00,  7.0316044055e+01, -2.4557380248e+01
  9.5900000000e+00,  7.0178842458e+01, -2.5406361731e+01
  9.6000000000e+00,  7.0033158047e+01, -2.6253928772e+01
  9.6100000000e+00,  6.9877212919e+01, -2.7109834613e+01
  9.6200000000e+00,  6.9712716672e+01, -2.7964138235e+01
  9.6300000000e+00,  6.9539685756e+01, -2.8816754206e+01
  9.6400000000e+00,  6.9358137474e+01, -2.9667597267e+01
  9.6500000000e+00,  6.9168089980e+01, -3.0516582333e+01
  9.6600000000e+00,  6.8969562279e+01, -3.1363624507e+01
  9.6700000000e+00,  6.8762574225e+01, -3.2208639085e+01
  9.6800000000e+00,  6.8547146514e+01, -3.3051541567e+01
  9.6900000000e+00,  6.8323300691e+01, -3.3892247663e+01
  9.7000000000e+00,  6.8091059138e+01, -3.4730673303e+01
  9.7100000000e+00,  6.7847679403e+01, -3.5576344546e+01
  9.7200000000e+00,  6.7595855265e+01, -3.6419539749e+01
  9.7300000000e+00,  6.7335611906e+01, -3.7260174593e+01
  9.7400000000e+00,  6.7066975351e+01, -3.8098165015e+01
  9.7500000000e+00,  6.6789972463e+01, -3.8933427218e+01
  9.7600000000e+00,  6.6504630943e+01, -3.9765877675e+01
  9.7700000000e+00,  6.6210979323e+01, -4.0595433142e+01
  9.7800000000e+00,  6.5909046970e+01, -4.1422010665e+01
  9.7900000000e+00,  6.5598864076e+01, -4.2245527585e+01
  9.8000000000e+00,  6.5280461659e+01, -4.3065901553e+01
  9.8100000000e+00,  6.4950160307e+01, -4.3892336316e+01
  9.8200000000e+00,  6.4611611261e+01, -4.4715426798e+01
  9.8300000000e+00,  6.4264848374e+01, -4.5535090693e+01
  9.8400000000e+00,  6.3909906323e+01, -4.6351246033e+01
  9.8500000000e+00,  6.3546820602e+01, -4.7163811205e+01
  9.8600000000e+00,  6.3175627518e+01, -4.7972704952e+01
  9.8700000000e+00,  6.2796364192e+01, -4.8777846385e+01
  9.8800000000e+00,  6.2409068548e+01, -4.9579154992e+01
  9.8900000000e+00,  6.2013779316e+01, -5.0376550642e+01
  9.9000000000e+00,  6.1610536025e+01, -5.1169953596e+01
  9.9100000000e+00,  6.1194759257e+01, -5.1968153401e+01
  9.9200000000e+00,  6.0771021412e+01, -5.2762155598e+01
  9.9300000000e+00,  6.0339364865e+01, -5.3551880788e+01
  9.9400000000e+00,  5.9899832779e+01, -5.4337249998e+01
  9.9500000000e+00,  5.9452469109e+01, -5.5118184692e+01
  9.9600000000e+00,  5.8997318591e+01, -5.5894606778e+01
  9.9700000000e+00,  5.8534426738e+01, -5.6666438614e+01
  9.9800000000e+00,  5.8063839840e+01, -5.7433603017e+01
  9.9900000000e+00,  5.7585604955e+01, -5.8196023272e+01
