ControlParameters:
  0.0000000000e+00
SharedParameters:

IntegerSharedParameters:

Accessories:
 -5.4402111089e-01
IntegerAccessories:
                17,                 0,                17

Time series:
  0.0000000000e+00,  1.0000000000e+00
  1.0000000000e-02,  1.0000000000e+00
  2.0000000000e-02,  1.0004999917e+00
  3.0000000000e-02,  1.0014999250e+00
  4.0000000000e-02,  1.0029997000e+00
  5.0000000000e-02,  1.0049991667e+00
  6.0000000000e-02,  1.0074981252e+00
  7.0000000000e-02,  1.0104963255e+00
  8.0000000000e-02,  1.0139934679e+00
  9.0000000000e-02,  1.0179892026e+00
  1.0000000000e-01,  1.0224831300e+00
  1.1000000000e-01,  1.0274748009e+00
  1.2000000000e-01,  1.0329637159e+00
  1.3000000000e-01,  1.0389493263e+00
  1.4000000000e-01,  1.0454310334e+00
  1.5000000000e-01,  1.0524081891e+00
  1.6000000000e-01,  1.0598800958e+00
  1.7000000000e-01,  1.0678460061e+00
  1.8000000000e-01,  1.0763051235e+00
  1.9000000000e-01,  1.0852566022e+00
  2.0000000000e-01,  1.0946995470e+00
  2.1000000000e-01,  1.1046330135e+00
  2.2000000000e-01,  1.1150560085e+00
  2.3000000000e-01,  1.1259674896e+00
  2.4000000000e-01,  1.1373663658e+00
  2.5000000000e-01,  1.1492514971e+00
  2.6000000000e-01,  1.1616216951e+00
  2.7000000000e-01,  1.1744757227e+00
  2.8000000000e-01,  1.1878122945e+00
  2.9000000000e-01,  1.2016300770e+00
  3.0000000000e-01,  1.2159276882e+00
  3.1000000000e-01,  1.2307036986e+00
  3.2000000000e-01,  1.2459566304e+00
  3.3000000000e-01,  1.2616849584e+00
  3.4000000000e-01,  1.2778871098e+00
  3.5000000000e-01,  1.2945614644e+00
  3.6000000000e-01,  1.3117063548e+00
  3.7000000000e-01,  1.3293200665e+00
  3.8000000000e-01,  1.3474008381e+00
  3.9000000000e-01,  1.3659468615e+00
  4.0000000000e-01,  1.3849562823e+00
  4.1000000000e-01,  1.4044271994e+00
  4.2000000000e-01,  1.4243576658e+00
  4.3000000000e-01,  1.4447456885e+00
  4.4000000000e-01,  1.4655892286e+00
  4.5000000000e-01,  1.4868862018e+00
  4.6000000000e-01,  1.5086344785e+00
  4.7000000000e-01,  1.5308318839e+00
  4.8000000000e-01,  1.5534761982e+00
  4.9000000000e-01,  1.5765651569e+00
  5.0000000000e-01,  1.6000964513e+00
  5.1000000000e-01,  1.6240677283e+00
  5.2000000000e-01,  1.6484765906e+00
  5.3000000000e-01,  1.6733205975e+00
  5.4000000000e-01,  1.6985972646e+00
  5.5000000000e-01,  1.7243040642e+00
  5.6000000000e-01,  1.7504384256e+00
  5.7000000000e-01,  1.7769977355e+00
  5.8000000000e-01,  1.8039793379e+00
  5.9000000000e-01,  1.8313805348e+00
  6.0000000000e-01,  1.8591985859e+00
  6.1000000000e-01,  1.8874307096e+00
  6.2000000000e-01,  1.9160740826e+00
  6.3000000000e-01,  1.9451258406e+00
  6.4000000000e-01,  1.9745830785e+00
  6.5000000000e-01,  2.0044428506e+00
  6.6000000000e-01,  2.0347021709e+00
  6.7000000000e-01,  2.0653580135e+00
  6.8000000000e-01,  2.0964073128e+00
  6.9000000000e-01,  2.1278469640e+00
  7.0000000000e-01,  2.1596738231e+00
  7.1000000000e-01,  2.1918847075e+00
  7.2000000000e-01,  2.2244763961e+00
  7.3000000000e-01,  2.2574456296e+00
  7.4000000000e-01,  2.2907891114e+00
  7.5000000000e-01,  2.3245035070e+00
  7.6000000000e-01,  2.3585854450e+00
  7.7000000000e-01,  2.3930315172e+00
  7.8000000000e-01,  2.4278382792e+00
  7.9000000000e-01,  2.4630022501e+00
  8.0000000000e-01,  2.4985199138e+00
  8.1000000000e-01,  2.5343877183e+00
  8.2000000000e-01,  2.5706020770e+00
  8.3000000000e-01,  2.6071593685e+00
  8.4000000000e-01,  2.6440559371e+00
  8.5000000000e-01,  2.6812880931e+00
  8.6000000000e-01,  2.7188521133e+00
  8.7000000000e-01,  2.7567442415e+00
  8.8000000000e-01,  2.7949606883e+00
  8.9000000000e-01,  2.8334976323e+00
  9.0000000000e-01,  2.8723512196e+00
  9.1000000000e-01,  2.9115175651e+00
  9.2000000000e-01,  2.9509927521e+00
  9.3000000000e-01,  2.9907728331e+00
  9.4000000000e-01,  3.0308538301e+00
  9.5000000000e-01,  3.0712317352e+00
  9.6000000000e-01,  3.1119025104e+00
  9.7000000000e-01,  3.1528620888e+00
  9.8000000000e-01,  3.1941063745e+00
  9.9000000000e-01,  3.2356312430e+00
  1.0000000000e+00,  3.2774325419e+00
  1.0100000000e+00,  3.3195060912e+00
  1.0200000000e+00,  3.3618476834e+00
  1.0300000000e+00,  3.4044530845e+00
  1.0400000000e+00,  3.4473180340e+00
  1.0500000000e+00,  3.4904382453e+00
  1.0600000000e+00,  3.5338094066e+00
  1.0700000000e+00,  3.5774271807e+00
  1.0800000000e+00,  3.6212872059e+00
  1.0900000000e+00,  3.6653850963e+00
  1.1000000000e+00,  3.7097164420e+00
  1.1100000000e+00,  3.7542768100e+00
  1.1200000000e+00,  3.7990617443e+00
  1.1300000000e+00,  3.8440667664e+00
  1.1400000000e+00,  3.8892873759e+00
  1.1500000000e+00,  3.9347190507e+00
  1.1600000000e+00,  3.9803572477e+00
  1.1700000000e+00,  4.0261974031e+00
  1.1800000000e+00,  4.0722349330e+00
  1.1900000000e+00,  4.1184652336e+00
  1.2000000000e+00,  4.1648836820e+00
  1.2100000000e+00,  4.2114856363e+00
  1.2200000000e+00,  4.2582664364e+00
  1.2300000000e+00,  4.3052214042e+00
  1.2400000000e+00,  4.3523458443e+00
  1.2500000000e+00,  4.3996350443e+00
  1.2600000000e+00,  4.4470842752e+00
  1.2700000000e+00,  4.4946887923e+00
  1.2800000000e+00,  4.5424438351e+00
  1.2900000000e+00,  4.5903446281e+00
  1.3000000000e+00,  4.6383863813e+00
  1.3100000000e+00,  4.6865642906e+00
  1.3200000000e+00,  4.7348735382e+00
  1.3300000000e+00,  4.7833092932e+00
  1.3400000000e+00,  4.8318667121e+00
  1.3500000000e+00,  4.8805409391e+00
  1.3600000000e+00,  4.9293271070e+00
  1.3700000000e+00,  4.9782203372e+00
  1.3800000000e+00,  5.0272157402e+00
  1.3900000000e+00,  5.0763084167e+00
  1.4000000000e+00,  5.1254934575e+00
  1.4100000000e+00,  5.1747659440e+00
  1.4200000000e+00,  5.2241209490e+00
  1.4300000000e+00,  5.2735535372e+00
  1.4400000000e+00,  5.3230587652e+00
  1.4500000000e+00,  5.3726316826e+00
  1.4600000000e+00,  5.4222673322e+00
  1.4700000000e+00,  5.4719607503e+00
  1.4800000000e+00,  5.5217069678e+00
  1.4900000000e+00,  5.5715010100e+00
  1.5000000000e+00,  5.6213378976e+00
  1.5100000000e+00,  5.6712126470e+00
  1.5200000000e+00,  5.7211202706e+00
  1.5300000000e+00,  5.7710557778e+00
  1.5400000000e+00,  5.8210141751e+00
  1.5500000000e+00,  5.8709904666e+00
  1.5600000000e+00,  5.9209796548e+00
  1.5700000000e+00,  5.9709767408e+00
  1.5800000000e+00,  6.0209767250e+00
  1.5900000000e+00,  6.0709746073e+00
  1.6000000000e+00,  6.1209653880e+00
  1.6100000000e+00,  6.1709440682e+00
  1.6200000000e+00,  6.2209056499e+00
  1.6300000000e+00,  6.2708451371e+00
  1.6400000000e+00,  6.3207575358e+00
  1.6500000000e+00,  6.3706378549e+00
  1.6600000000e+00,  6.4204811063e+00
  1.6700000000e+00,  6.4702823058e+00
  1.6800000000e+00,  6.5200364733e+00
  1.6900000000e+00,  6.5697386334e+00
  1.7000000000e+00,  6.6193838160e+00
  1.7100000000e+00,  6.6689670565e+00
  1.7200000000e+00,  6.7184833967e+00
  1.7300000000e+00,  6.7679278850e+00
  1.7400000000e+00,  6.8172955770e+00
  1.7500000000e+00,  6.8665815359e+00
  1.7600000000e+00,  6.9157808333e+00
  1.7700000000e+00,  6.9648885491e+00
  1.7800000000e+00,  7.0138997727e+00
  1.7900000000e+00,  7.0628096031e+00
  1.8000000000e+00,  7.1116131492e+00
  1.8100000000e+00,  7.1603055307e+00
  1.8200000000e+00,  7.2088818785e+00
  1.8300000000e+00,  7.2573373350e+00
  1.8400000000e+00,  7.3056670546e+00
  1.8500000000e+00,  7.3538662044e+00
  1.8600000000e+00,  7.4019299645e+00
  1.8700000000e+00,  7.4498535287e+00
  1.8800000000e+00,  7.4976321045e+00
  1.8900000000e+00,  7.5452609142e+00
  1.9000000000e+00,  7.5927351950e+00
  1.9100000000e+00,  7.6400501994e+00
  1.9200000000e+00,  7.6872011959e+00
  1.9300000000e+00,  7.7341834696e+00
  1.9400000000e+00,  7.7809923222e+00
  1.9500000000e+00,  7.8276230729e+00
  1.9600000000e+00,  7.8740710587e+00
  1.9700000000e+00,  7.9203316347e+00
  1.9800000000e+00,  7.9664001750e+00
  1.9900000000e+00,  8.0122720728e+00
  2.0000000000e+00,  1.0000000000e+00
  2.0100000000e+00,  1.0545578456e+00
  2.0200000000e+00,  1.1088632794e+00
  2.0300000000e+00,  1.1629108709e+00
  2.0400000000e+00,  1.2166952154e+00
  2.0500000000e+00,  1.2702109344e+00
  2.0600000000e+00,  1.3234526765e+00
  2.0700000000e+00,  1.3764151176e+00
  2.0800000000e+00,  1.4290929614e+00
  2.0900000000e+00,  1.4814809401e+00
  2.1000000000e+00,  1.5335738152e+00
  2.1100000000e+00,  1.5853663771e+00
  2.1200000000e+00,  1.6368534469e+00
  2.1300000000e+00,  1.6880298758e+00
  2.1400000000e+00,  1.7388905462e+00
  2.1500000000e+00,  1.7894303721e+00
  2.1600000000e+00,  1.8396442996e+00
  2.1700000000e+00,  1.8895273072e+00
  2.1800000000e+00,  1.9390744068e+00
  2.1900000000e+00,  1.9882806437e+00
  2.2000000000e+00,  2.0371410972e+00
  2.2100000000e+00,  2.0856508814e+00
  2.2200000000e+00,  2.1338051454e+00
  2.2300000000e+00,  2.1815990737e+00
  2.2400000000e+00,  2.2290278871e+00
  2.2500000000e+00,  2.2760868426e+00
  2.2600000000e+00,  2.3227712344e+00
  2.2700000000e+00,  2.3690763941e+00
  2.2800000000e+00,  2.4149976913e+00
  2.2900000000e+00,  2.4605305338e+00
  2.3000000000e+00,  2.5056703684e+00
  2.3100000000e+00,  2.5504126811e+00
  2.3200000000e+00,  2.5947529978e+00
  2.3300000000e+00,  2.6386868844e+00
  2.3400000000e+00,  2.6822099477e+00
  2.3500000000e+00,  2.7253178352e+00
  2.3600000000e+00,  2.7680062364e+00
  2.3700000000e+00,  2.8102708824e+00
  2.3800000000e+00,  2.8521075467e+00
  2.3900000000e+00,  2.8935120457e+00
  2.4000000000e+00,  2.9344802390e+00
  2.4100000000e+00,  2.9750080298e+00
  2.4200000000e+00,  3.0150913654e+00
  2.4300000000e+00,  3.0547262375e+00
  2.4400000000e+00,  3.0939086826e+00
  2.4500000000e+00,  3.1326347825e+00
  2.4600000000e+00,  3.1709006646e+00
  2.4700000000e+00,  3.2087025024e+00
  2.4800000000e+00,  3.2460365157e+00
  2.4900000000e+00,  3.2828989712e+00
  2.5000000000e+00,  1.0000000000e+00
  2.5100000000e+00,  1.0418930501e+00
  2.5200000000e+00,  1.0832232144e+00
  2.5300000000e+00,  1.1239863598e+00
  2.5400000000e+00,  1.1641784102e+00
  2.5500000000e+00,  1.2037953463e+00
  2.5600000000e+00,  1.2428332066e+00
  2.5700000000e+00,  1.2812880871e+00
  2.5800000000e+00,  1.3191561425e+00
  2.5900000000e+00,  1.3564335861e+00
  2.6000000000e+00,  1.3931166900e+00
  2.6100000000e+00,  1.4292017860e+00
  2.6200000000e+00,  1.4646852657e+00
  2.6300000000e+00,  1.4995635806e+00
  2.6400000000e+00,  1.5338332431e+00
  2.6500000000e+00,  1.5674908262e+00
  2.6600000000e+00,  1.6005329640e+00
  2.6700000000e+00,  1.6329563526e+00
  2.6800000000e+00,  1.6647577495e+00
  2.6900000000e+00,  1.6959339746e+00
  2.7000000000e+00,  1.7264819104e+00
  2.7100000000e+00,  1.7563985020e+00
  2.7200000000e+00,  1.7856807578e+00
  2.7300000000e+00,  1.8143257497e+00
  2.7400000000e+00,  1.8423306131e+00
  2.7500000000e+00,  1.8696925476e+00
  2.7600000000e+00,  1.8964088171e+00
  2.7700000000e+00,  1.9224767499e+00
  2.7800000000e+00,  1.9478937392e+00
  2.7900000000e+00,  1.9726572433e+00
  2.8000000000e+00,  1.9967647860e+00
  2.8100000000e+00,  2.0202139565e+00
  2.8200000000e+00,  2.0430024100e+00
  2.8300000000e+00,  2.0651278675e+00
  2.8400000000e+00,  2.0865881165e+00
  2.8500000000e+00,  2.1073810111e+00
  2.8600000000e+00,  2.1275044720e+00
  2.8700000000e+00,  2.1469564868e+00
  2.8800000000e+00,  2.1657351103e+00
  2.8900000000e+00,  2.1838384648e+00
  2.9000000000e+00,  2.2012647399e+00
  2.9100000000e+00,  2.2180121929e+00
  2.9200000000e+00,  2.2340791492e+00
  2.9300000000e+00,  2.2494640021e+00
  2.9400000000e+00,  2.2641652130e+00
  2.9500000000e+00,  2.2781813119e+00
  2.9600000000e+00,  2.2915108973e+00
  2.9700000000e+00,  2.3041526360e+00
  2.9800000000e+00,  2.3161052640e+00
  2.9900000000e+00,  2.3273675861e+00
  3.0000000000e+00,  1.0000000000e+00
  3.0100000000e+00,  1.0112896006e+00
  3.0200000000e+00,  1.0217866560e+00
  3.0300000000e+00,  1.0314901164e+00
  3.0400000000e+00,  1.0403990115e+00
  3.0500000000e+00,  1.0485124504e+00
  3.0600000000e+00,  1.0558296218e+00
  3.0700000000e+00,  1.0623497939e+00
  3.0800000000e+00,  1.0680723148e+00
  3.0900000000e+00,  1.0729966122e+00
  3.1000000000e+00,  1.0771221937e+00
  3.1100000000e+00,  1.0804486467e+00
  3.1200000000e+00,  1.0829756386e+00
  3.1300000000e+00,  1.0847029166e+00
  3.1400000000e+00,  1.0856303081e+00
  3.1500000000e+00,  1.0857577204e+00
  3.1600000000e+00,  1.0850851406e+00
  3.1700000000e+00,  1.0836126360e+00
  3.1800000000e+00,  1.0813403540e+00
  3.1900000000e+00,  1.0782685216e+00
  3.2000000000e+00,  1.0743974461e+00
  3.2100000000e+00,  1.0697275147e+00
  3.2200000000e+00,  1.0642591942e+00
  3.2300000000e+00,  1.0579930315e+00
  3.2400000000e+00,  1.0509296532e+00
  3.2500000000e+00,  1.0430697657e+00
  3.2600000000e+00,  1.0344141550e+00
  3.2700000000e+00,  1.0249636865e+00
  3.2800000000e+00,  1.0147193054e+00
  3.2900000000e+00,  1.0036820360e+00
  3.3000000000e+00,  9.9185298207e-01
  3.3100000000e+00,  9.7923332654e-01
  3.3200000000e+00,  9.6582433134e-01
  3.3300000000e+00,  9.5162733735e-01
  3.3400000000e+00,  9.3664376427e-01
  3.3500000000e+00,  9.2087511043e-01
  3.3600000000e+00,  9.0432295270e-01
  3.3700000000e+00,  8.8698894627e-01
  3.3800000000e+00,  8.6887482452e-01
  3.3900000000e+00,  8.4998239887e-01
  3.4000000000e+00,  8.3031355853e-01
  3.4100000000e+00,  8.0987027036e-01
  3.4200000000e+00,  7.8865457869e-01
  3.4300000000e+00,  7.6666860507e-01
  3.4400000000e+00,  7.4391454806e-01
  3.4500000000e+00,  7.2039468307e-01
  3.4600000000e+00,  6.9611136205e-01
  3.4700000000e+00,  6.7106701333e-01
  3.4800000000e+00,  6.4526414130e-01
  3.4900000000e+00,  6.1870532624e-01
  3.5000000000e+00,  1.0000000000e+00
  3.5100000000e+00,  9.6842950951e-01
  3.5200000000e+00,  9.3601780056e-01
  3.5300000000e+00,  9.0276811429e-01
  3.5400000000e+00,  8.6868377564e-01
  3.5500000000e+00,  8.3376819303e-01
  3.5600000000e+00,  7.9802485797e-01
  3.5700000000e+00,  7.6145734478e-01
  3.5800000000e+00,  7.2406931017e-01
  3.5900000000e+00,  6.8586449292e-01
  3.6000000000e+00,  6.4684671347e-01
  3.6100000000e+00,  6.0701987357e-01
  3.6200000000e+00,  5.6638795588e-01
  3.6300000000e+00,  5.2495502354e-01
  3.6400000000e+00,  4.8272521983e-01
  3.6500000000e+00,  4.3970276767e-01
  3.6600000000e+00,  3.9589196929e-01
  3.6700000000e+00,  3.5129720573e-01
  3.6800000000e+00,  3.0592293643e-01
  3.6900000000e+00,  2.5977369876e-01
  3.7000000000e+00,  2.1285410763e-01
  3.7100000000e+00,  1.6516885495e-01
  3.7200000000e+00,  1.1672270920e-01
  3.7300000000e+00,  6.7520514968e-02
  3.7400000000e+00,  1.7567192420e-02
  3.7500000000e+00, -3.3132263149e-02
  3.7600000000e+00, -8.4572781836e-02
  3.7700000000e+00, -1.3674921963e-01
  3.7800000000e+00, -1.8965635894e-01
  3.7900000000e+00, -2.4328890908e-01
  3.8000000000e+00, -2.9764150685e-01
  3.8100000000e+00, -3.5270871703e-01
  3.8200000000e+00, -4.0848503296e-01
  3.8300000000e+00, -4.6496487704e-01
  3.8400000000e+00, -5.2214260133e-01
  3.8500000000e+00, -5.8001248811e-01
  3.8600000000e+00, -6.3856875045e-01
  3.8700000000e+00, -6.9780553276e-01
  3.8800000000e+00, -7.5771691141e-01
  3.8900000000e+00, -8.1829689532e-01
  3.9000000000e+00, -8.7953942654e-01
  3.9100000000e+00, -9.4143838087e-01
  3.9200000000e+00, -1.0039875685e+00
  3.9300000000e+00, -1.0671807344e+00
  3.9400000000e+00, -1.1310115596e+00
  3.9500000000e+00, -1.1954736608e+00
  3.9600000000e+00, -1.2605605920e+00
  3.9700000000e+00, -1.3262658444e+00
  3.9800000000e+00, -1.3925828477e+00
  3.9900000000e+00, -1.4595049702e+00
  4.0000000000e+00,  1.0000000000e+00
  4.0100000000e+00,  9.2431975047e-01
  4.0200000000e+00,  8.4798965219e-01
  4.0300000000e+00,  7.7101733812e-01
  4.0400000000e+00,  6.9341050541e-01
  4.0500000000e+00,  6.1517691468e-01
  4.0600000000e+00,  5.3632438924e-01
  4.0700000000e+00,  4.5686081427e-01
  4.0800000000e+00,  3.7679413605e-01
  4.0900000000e+00,  2.9613236119e-01
  4.1000000000e+00,  2.1488355580e-01
  4.1100000000e+00,  1.3305584470e-01
  4.1200000000e+00,  5.0657410574e-02
  4.1300000000e+00, -3.2303506787e-02
  4.1400000000e+00, -1.1581861137e-01
  4.1500000000e+00, -1.9987955172e-01
  4.1600000000e+00, -2.8447792183e-01
  4.1700000000e+00, -3.6960526192e-01
  4.1800000000e+00, -4.5525305934e-01
  4.1900000000e+00, -5.4141274937e-01
  4.2000000000e+00, -6.2807571612e-01
  4.2100000000e+00, -7.1523329336e-01
  4.2200000000e+00, -8.0287676541e-01
  4.2300000000e+00, -8.9099736799e-01
  4.2400000000e+00, -9.7958628912e-01
  4.2500000000e+00, -1.0686346700e+00
  4.2600000000e+00, -1.1581336058e+00
  4.2700000000e+00, -1.2480741468e+00
  4.2800000000e+00, -1.3384472989e+00
  4.2900000000e+00, -1.4292440250e+00
  4.3000000000e+00, -1.5204552454e+00
  4.3100000000e+00, -1.6120718390e+00
  4.3200000000e+00, -1.7040846444e+00
  4.3300000000e+00, -1.7964844603e+00
  4.3400000000e+00, -1.8892620467e+00
  4.3500000000e+00, -1.9824081261e+00
  4.3600000000e+00, -2.0759133839e+00
  4.3700000000e+00, -2.1697684696e+00
  4.3800000000e+00, -2.2639639978e+00
  4.3900000000e+00, -2.3584905490e+00
  4.4000000000e+00, -2.4533386706e+00
  4.4100000000e+00, -2.5484988780e+00
  4.4200000000e+00, -2.6439616552e+00
  4.4300000000e+00, -2.7397174559e+00
  4.4400000000e+00, -2.8357567048e+00
  4.4500000000e+00, -2.9320697978e+00
  4.4600000000e+00, -3.0286471039e+00
  4.4700000000e+00, -3.1254789653e+00
  4.4800000000e+00, -3.2225556990e+00
  4.4900000000e+00, -3.3198675973e+00
  4.5000000000e+00,  1.0000000000e+00
  4.5100000000e+00,  8.9247168706e-01
  4.5200000000e+00,  7.8471687897e-01
  4.5300000000e+00,  6.7674635113e-01
  4.5400000000e+00,  5.6857090050e-01
  4.5500000000e+00,  4.6020134453e-01
  4.5600000000e+00,  3.5164852010e-01
  4.5700000000e+00,  2.4292328239e-01
  4.5800000000e+00,  1.3403650383e-01
  4.5900000000e+00,  2.4999073012e-02
  4.6000000000e+00, -8.4178106410e-02
  4.6100000000e+00, -1.9348411681e-01
  4.6200000000e+00, -3.0290802768e-01
  4.6300000000e+00, -4.1243889671e-01
  4.6400000000e+00, -5.2206577092e-01
  4.6500000000e+00, -6.3177768771e-01
  4.6600000000e+00, -7.4156367597e-01
  4.6700000000e+00, -8.5141275721e-01
  4.6800000000e+00, -9.6131394659e-01
  4.6900000000e+00, -1.0712562541e+00
  4.7000000000e+00, -1.1812286856e+00
  4.7100000000e+00, -1.2912202439e+00
  4.7200000000e+00, -1.4012199300e+00
  4.7300000000e+00, -1.5112167440e+00
  4.7400000000e+00, -1.6211996863e+00
  4.7500000000e+00, -1.7311577587e+00
  4.7600000000e+00, -1.8410799655e+00
  4.7700000000e+00, -1.9509553146e+00
  4.7800000000e+00, -2.0607728184e+00
  4.7900000000e+00, -2.1705214954e+00
  4.8000000000e+00, -2.2801903708e+00
  4.8100000000e+00, -2.3897684778e+00
  4.8200000000e+00, -2.4992448586e+00
  4.8300000000e+00, -2.6086085658e+00
  4.8400000000e+00, -2.7178486630e+00
  4.8500000000e+00, -2.8269542263e+00
  4.8600000000e+00, -2.9359143452e+00
  4.8700000000e+00, -3.0447181239e+00
  4.8800000000e+00, -3.1533546820e+00
  4.8900000000e+00, -3.2618131561e+00
  4.9000000000e+00, -3.3700827002e+00
  4.9100000000e+00, -3.4781524876e+00
  4.9200000000e+00, -3.5860117113e+00
  4.9300000000e+00, -3.6936495856e+00
  4.9400000000e+00, -3.8010553468e+00
  4.9500000000e+00, -3.9082182542e+00
  4.9600000000e+00, -4.0151275919e+00
  4.9700000000e+00, -4.1217726688e+00
  4.9800000000e+00, -4.2281428206e+00
  4.9900000000e+00, -4.3342274104e+00
  5.0000000000e+00,  1.0000000000e+00
  5.0100000000e+00,  8.8492908704e-01
  5.0200000000e+00,  7.7020431653e-01
  5.0300000000e+00,  6.5583716084e-01
  5.0400000000e+00,  5.4183905661e-01
  5.0500000000e+00,  4.2822140354e-01
  5.0600000000e+00,  3.1499556330e-01
  5.0700000000e+00,  2.0217285839e-01
  5.0800000000e+00,  8.9764570978e-02
  5.0900000000e+00, -2.2218058196e-02
  5.1000000000e+00, -1.3376383097e-01
  5.1100000000e+00, -2.4486159285e-01
  5.1200000000e+00, -3.5550023415e-01
  5.1300000000e+00, -4.6566869111e-01
  5.1400000000e+00, -5.7535594697e-01
  5.1500000000e+00, -6.8455103310e-01
  5.1600000000e+00, -7.9324303008e-01
  5.1700000000e+00, -9.0142106879e-01
  5.1800000000e+00, -1.0090743315e+00
  5.1900000000e+00, -1.1161920531e+00
  5.2000000000e+00, -1.2227635217e+00
  5.2100000000e+00, -1.3287780804e+00
  5.2200000000e+00, -1.4342251278e+00
  5.2300000000e+00, -1.5390941192e+00
  5.2400000000e+00, -1.6433745679e+00
  5.2500000000e+00, -1.7470560459e+00
  5.2600000000e+00, -1.8501281851e+00
  5.2700000000e+00, -1.9525806784e+00
  5.2800000000e+00, -2.0544032806e+00
  5.2900000000e+00, -2.1555858097e+00
  5.3000000000e+00, -2.2561181473e+00
  5.3100000000e+00, -2.3559902403e+00
  5.3200000000e+00, -2.4551921017e+00
  5.3300000000e+00, -2.5537138113e+00
  5.3400000000e+00, -2.6515455171e+00
  5.3500000000e+00, -2.7486774358e+00
  5.3600000000e+00, -2.8450998545e+00
  5.3700000000e+00, -2.9408031310e+00
  5.3800000000e+00, -3.0357776950e+00
  5.3900000000e+00, -3.1300140491e+00
  5.4000000000e+00, -3.2235027699e+00
  5.4100000000e+00, -3.3162345084e+00
  5.4200000000e+00, -3.4081999916e+00
  5.4300000000e+00, -3.4993900230e+00
  5.4400000000e+00, -3.5897954837e+00
  5.4500000000e+00, -3.6794073332e+00
  5.4600000000e+00, -3.7682166105e+00
  5.4700000000e+00, -3.8562144346e+00
  5.4800000000e+00, -3.9433920059e+00
  5.4900000000e+00, -4.0297406066e+00
  5.5000000000e+00,  1.0000000000e+00
  5.5100000000e+00,  9.0827975768e-01
  5.5200000000e+00,  8.1748535668e-01
  5.5300000000e+00,  7.2762587637e-01
  5.5400000000e+00,  6.3871030263e-01
  5.5500000000e+00,  5.5074752693e-01
  5.5600000000e+00,  4.6374634548e-01
  5.5700000000e+00,  3.7771545833e-01
  5.5800000000e+00,  2.9266346850e-01
  5.5900000000e+00,  2.0859888111e-01
  5.6000000000e+00,  1.2553010254e-01
  5.6100000000e+00,  4.3465439619e-02
  5.6200000000e+00, -3.7586901267e-02
  5.6300000000e+00, -1.1761881495e-01
  5.6400000000e+00, -1.9662229830e-01
  5.6500000000e+00, -2.7458945105e-01
  5.6600000000e+00, -3.5151247653e-01
  5.6700000000e+00, -4.2738368251e-01
  5.6800000000e+00, -5.0219548194e-01
  5.6900000000e+00, -5.7594039369e-01
  5.7000000000e+00, -6.4861104333e-01
  5.7100000000e+00, -7.2020016387e-01
  5.7200000000e+00, -7.9070059645e-01
  5.7300000000e+00, -8.6010529108e-01
  5.7400000000e+00, -9.2840730735e-01
  5.7500000000e+00, -9.9559981512e-01
  5.7600000000e+00, -1.0616760952e+00
  5.7700000000e+00, -1.1266295400e+00
  5.7800000000e+00, -1.1904536542e+00
  5.7900000000e+00, -1.2531420556e+00
  5.8000000000e+00, -1.3146884752e+00
  5.8100000000e+00, -1.3750867585e+00
  5.8200000000e+00, -1.4343308658e+00
  5.8300000000e+00, -1.4924148726e+00
  5.8400000000e+00, -1.5493329706e+00
  5.8500000000e+00, -1.6050794681e+00
  5.8600000000e+00, -1.6596487904e+00
  5.8700000000e+00, -1.7130354807e+00
  5.8800000000e+00, -1.7652342003e+00
  5.8900000000e+00, -1.8162397294e+00
  5.9000000000e+00, -1.8660469675e+00
  5.9100000000e+00, -1.9146509340e+00
  5.9200000000e+00, -1.9620467683e+00
  5.9300000000e+00, -2.0082297311e+00
  5.9400000000e+00, -2.0531952041e+00
  5.9500000000e+00, -2.0969386907e+00
  5.9600000000e+00, -2.1394558166e+00
  5.9700000000e+00, -2.1807423302e+00
  5.9800000000e+00, -2.2207941028e+00
  5.9900000000e+00, -2.2596071294e+00
  6.0000000000e+00,  1.0000000000e+00
  6.0100000000e+00,  9.6088183025e-01
  6.0200000000e+00,  9.2310983239e-01
  6.0300000000e+00,  8.8668778359e-01
  6.0400000000e+00,  8.5161932603e-01
  6.0500000000e+00,  8.1790796651e-01
  6.0600000000e+00,  7.8555707615e-01
  6.0700000000e+00,  7.5456989000e-01
  6.0800000000e+00,  7.2494950677e-01
  6.0900000000e+00,  6.9669888847e-01
  6.1000000000e+00,  6.6982086012e-01
  6.1100000000e+00,  6.4431810952e-01
  6.1200000000e+00,  6.2019318692e-01
  6.1300000000e+00,  5.9744850479e-01
  6.1400000000e+00,  5.7608633758e-01
  6.1500000000e+00,  5.5610882149e-01
  6.1600000000e+00,  5.3751795425e-01
  6.1700000000e+00,  5.2031559494e-01
  6.1800000000e+00,  5.0450346377e-01
  6.1900000000e+00,  4.9008314194e-01
  6.2000000000e+00,  4.7705607149e-01
  6.2100000000e+00,  4.6542355509e-01
  6.2200000000e+00,  4.5518675600e-01
  6.2300000000e+00,  4.4634669789e-01
  6.2400000000e+00,  4.3890426475e-01
  6.2500000000e+00,  4.3286020082e-01
  6.2600000000e+00,  4.2821511050e-01
  6.2700000000e+00,  4.2496945830e-01
  6.2800000000e+00,  4.2312356878e-01
  6.2900000000e+00,  4.2267762653e-01
  6.3000000000e+00,  4.2363167614e-01
  6.3100000000e+00,  4.2598562221e-01
  6.3200000000e+00,  4.2973922934e-01
  6.3300000000e+00,  4.3489212218e-01
  6.3400000000e+00,  4.4144378545e-01
  6.3500000000e+00,  4.4939356397e-01
  6.3600000000e+00,  4.5874066278e-01
  6.3700000000e+00,  4.6948414718e-01
  6.3800000000e+00,  4.8162294283e-01
  6.3900000000e+00,  4.9515583586e-01
  6.4000000000e+00,  5.1008147299e-01
  6.4100000000e+00,  5.2639836167e-01
  6.4200000000e+00,  5.4410487022e-01
  6.4300000000e+00,  5.6319922801e-01
  6.4400000000e+00,  5.8367952562e-01
  6.4500000000e+00,  6.0554371504e-01
  6.4600000000e+00,  6.2878960986e-01
  6.4700000000e+00,  6.5341488552e-01
  6.4800000000e+00,  6.7941707950e-01
  6.4900000000e+00,  7.0679359162e-01
  6.5000000000e+00,  1.0000000000e+00
  6.5100000000e+00,  1.0322679982e+00
  6.5200000000e+00,  1.0659992401e+00
  6.5300000000e+00,  1.1011903525e+00
  6.5400000000e+00,  1.1378378163e+00
  6.5500000000e+00,  1.1759379669e+00
  6.5600000000e+00,  1.2154869943e+00
  6.5700000000e+00,  1.2564809435e+00
  6.5800000000e+00,  1.2989157153e+00
  6.5900000000e+00,  1.3427870661e+00
  6.6000000000e+00,  1.3880906090e+00
  6.6100000000e+00,  1.4348218135e+00
  6.6200000000e+00,  1.4829760066e+00
  6.6300000000e+00,  1.5325483730e+00
  6.6400000000e+00,  1.5835339553e+00
  6.6500000000e+00,  1.6359276552e+00
  6.6600000000e+00,  1.6897242332e+00
  6.6700000000e+00,  1.7449183098e+00
  6.6800000000e+00,  1.8015043656e+00
  6.6900000000e+00,  1.8594767420e+00
  6.7000000000e+00,  1.9188296419e+00
  6.7100000000e+00,  1.9795571300e+00
  6.7200000000e+00,  2.0416531336e+00
  6.7300000000e+00,  2.1051114431e+00
  6.7400000000e+00,  2.1699257129e+00
  6.7500000000e+00,  2.2360894615e+00
  6.7600000000e+00,  2.3035960725e+00
  6.7700000000e+00,  2.3724387955e+00
  6.7800000000e+00,  2.4426107461e+00
  6.7900000000e+00,  2.5141049073e+00
  6.8000000000e+00,  2.5869141297e+00
  6.8100000000e+00,  2.6610311323e+00
  6.8200000000e+00,  2.7364485037e+00
  6.8300000000e+00,  2.8131587020e+00
  6.8400000000e+00,  2.8911540564e+00
  6.8500000000e+00,  2.9704267674e+00
  6.8600000000e+00,  3.0509689078e+00
  6.8700000000e+00,  3.1327724234e+00
  6.8800000000e+00,  3.2158291339e+00
  6.8900000000e+00,  3.3001307338e+00
  6.9000000000e+00,  3.3856687930e+00
  6.9100000000e+00,  3.4724347576e+00
  6.9200000000e+00,  3.5604199513e+00
  6.9300000000e+00,  3.6496155755e+00
  6.9400000000e+00,  3.7400127107e+00
  6.9500000000e+00,  3.8316023174e+00
  6.9600000000e+00,  3.9243752367e+00
  6.9700000000e+00,  4.0183221912e+00
  6.9800000000e+00,  4.1134337865e+00
  6.9900000000e+00,  4.2097005113e+00
  7.0000000000e+00,  1.0000000000e+00
  7.0100000000e+00,  1.1051178558e+00
  7.0200000000e+00,  1.2114366792e+00
  7.0300000000e+00,  1.3189458386e+00
  7.0400000000e+00,  1.4276345829e+00
  7.0500000000e+00,  1.5374920435e+00
  7.0600000000e+00,  1.6485072347e+00
  7.0700000000e+00,  1.7606690550e+00
  7.0800000000e+00,  1.8739662885e+00
  7.0900000000e+00,  1.9883876054e+00
  7.1000000000e+00,  2.1039215637e+00
  7.1100000000e+00,  2.2205566101e+00
  7.1200000000e+00,  2.3382810812e+00
  7.1300000000e+00,  2.4570832047e+00
  7.1400000000e+00,  2.5769511004e+00
  7.1500000000e+00,  2.6978727817e+00
  7.1600000000e+00,  2.8198361565e+00
  7.1700000000e+00,  2.9428290285e+00
  7.1800000000e+00,  3.0668390986e+00
  7.1900000000e+00,  3.1918539659e+00
  7.2000000000e+00,  3.3178611289e+00
  7.2100000000e+00,  3.4448479872e+00
  7.2200000000e+00,  3.5728018420e+00
  7.2300000000e+00,  3.7017098981e+00
  7.2400000000e+00,  3.8315592648e+00
  7.2500000000e+00,  3.9623369573e+00
  7.2600000000e+00,  4.0940298980e+00
  7.2700000000e+00,  4.2266249176e+00
  7.2800000000e+00,  4.3601087567e+00
  7.2900000000e+00,  4.4944680671e+00
  7.3000000000e+00,  4.6296894130e+00
  7.3100000000e+00,  4.7657592723e+00
  7.3200000000e+00,  4.9026640381e+00
  7.3300000000e+00,  5.0403900202e+00
  7.3400000000e+00,  5.1789234460e+00
  7.3500000000e+00,  5.3182504622e+00
  7.3600000000e+00,  5.4583571364e+00
  7.3700000000e+00,  5.5992294579e+00
  7.3800000000e+00,  5.7408533397e+00
  7.3900000000e+00,  5.8832146194e+00
  7.4000000000e+00,  6.0262990611e+00
  7.4100000000e+00,  6.1700923565e+00
  7.4200000000e+00,  6.3145801262e+00
  7.4300000000e+00,  6.4597479217e+00
  7.4400000000e+00,  6.6055812264e+00
  7.4500000000e+00,  6.7520654569e+00
  7.4600000000e+00,  6.8991859650e+00
  7.4700000000e+00,  7.0469280389e+00
  7.4800000000e+00,  7.1952769042e+00
  7.4900000000e+00,  7.3442177265e+00
  7.5000000000e+00,  1.0000000000e+00
  7.5100000000e+00,  1.1594599961e+00
  7.5200000000e+00,  1.3195012894e+00
  7.5300000000e+00,  1.4801078760e+00
  7.5400000000e+00,  1.6412636954e+00
  7.5500000000e+00,  1.8029526321e+00
  7.5600000000e+00,  1.9651585174e+00
  7.5700000000e+00,  2.1278651308e+00
  7.5800000000e+00,  2.2910562017e+00
  7.5900000000e+00,  2.4547154113e+00
  7.6000000000e+00,  2.6188263937e+00
  7.6100000000e+00,  2.7833727379e+00
  7.6200000000e+00,  2.9483379895e+00
  7.6300000000e+00,  3.1137056521e+00
  7.6400000000e+00,  3.2794591890e+00
  7.6500000000e+00,  3.4455820251e+00
  7.6600000000e+00,  3.6120575482e+00
  7.6700000000e+00,  3.7788691108e+00
  7.6800000000e+00,  3.9460000320e+00
  7.6900000000e+00,  4.1134335988e+00
  7.7000000000e+00,  4.2811530679e+00
  7.7100000000e+00,  4.4491416677e+00
  7.7200000000e+00,  4.6173825993e+00
  7.7300000000e+00,  4.7858590389e+00
  7.7400000000e+00,  4.9545541388e+00
  7.7500000000e+00,  5.1234510297e+00
  7.7600000000e+00,  5.2925328222e+00
  7.7700000000e+00,  5.4617826081e+00
  7.7800000000e+00,  5.6311834626e+00
  7.7900000000e+00,  5.8007184458e+00
  7.8000000000e+00,  5.9703706042e+00
  7.8100000000e+00,  6.1401229730e+00
  7.8200000000e+00,  6.3099585768e+00
  7.8300000000e+00,  6.4798604324e+00
  7.8400000000e+00,  6.6498115496e+00
  7.8500000000e+00,  6.8197949336e+00
  7.8600000000e+00,  6.9897935860e+00
  7.8700000000e+00,  7.1597905073e+00
  7.8800000000e+00,  7.3297686978e+00
  7.8900000000e+00,  7.4997111598e+00
  7.9000000000e+00,  7.6696008993e+00
  7.9100000000e+00,  7.8394209274e+00
  7.9200000000e+00,  8.0091542623e+00
  7.9300000000e+00,  8.1787839307e+00
  7.9400000000e+00,  8.3482929699e+00
  7.9500000000e+00,  8.5176644291e+00
  7.9600000000e+00,  8.6868813712e+00
  7.9700000000e+00,  8.8559268748e+00
  7.9800000000e+00,  9.0247840353e+00
  7.9900000000e+00,  9.1934359673e+00
  8.0000000000e+00,  1.0000000000e+00
  8.0100000000e+00,  1.1780844844e+00
  8.0200000000e+00,  1.3558981689e+00
  8.0300000000e+00,  1.5334232724e+00
  8.0400000000e+00,  1.7106420425e+00
  8.0500000000e+00,  1.8875367574e+00
  8.0600000000e+00,  2.0640897278e+00
  8.0700000000e+00,  2.2402832986e+00
  8.0800000000e+00,  2.4160998505e+00
  8.0900000000e+00,  2.5915218021e+00
  8.1000000000e+00,  2.7665316113e+00
  8.1100000000e+00,  2.9411117772e+00
  8.1200000000e+00,  3.1152448421e+00
  8.1300000000e+00,  3.2889133926e+00
  8.1400000000e+00,  3.4621000622e+00
  8.1500000000e+00,  3.6347875323e+00
  8.1600000000e+00,  3.8069585343e+00
  8.1700000000e+00,  3.9785958513e+00
  8.1800000000e+00,  4.1496823196e+00
  8.1900000000e+00,  4.3202008307e+00
  8.2000000000e+00,  4.4901343330e+00
  8.2100000000e+00,  4.6594658332e+00
  8.2200000000e+00,  4.8281783983e+00
  8.2300000000e+00,  4.9962551572e+00
  8.2400000000e+00,  5.1636793024e+00
  8.2500000000e+00,  5.3304340916e+00
  8.2600000000e+00,  5.4965028495e+00
  8.2700000000e+00,  5.6618689692e+00
  8.2800000000e+00,  5.8265159144e+00
  8.2900000000e+00,  5.9904272205e+00
  8.3000000000e+00,  6.1535864965e+00
  8.3100000000e+00,  6.3159774266e+00
  8.3200000000e+00,  6.4775837718e+00
  8.3300000000e+00,  6.6383893716e+00
  8.3400000000e+00,  6.7983781457e+00
  8.3500000000e+00,  6.9575340953e+00
  8.3600000000e+00,  7.1158413048e+00
  8.3700000000e+00,  7.2732839438e+00
  8.3800000000e+00,  7.4298462680e+00
  8.3900000000e+00,  7.5855126215e+00
  8.4000000000e+00,  7.7402674376e+00
  8.4100000000e+00,  7.8940952411e+00
  8.4200000000e+00,  8.0469806492e+00
  8.4300000000e+00,  8.1989083736e+00
  8.4400000000e+00,  8.3498632216e+00
  8.4500000000e+00,  8.4998300979e+00
  8.4600000000e+00,  8.6487940058e+00
  8.4700000000e+00,  8.7967400492e+00
  8.4800000000e+00,  8.9436534336e+00
  8.4900000000e+00,  9.0895194676e+00
  8.5000000000e+00,  1.0000000000e+00
  8.5100000000e+00,  1.1517125514e+00
  8.5200000000e+00,  1.3022737137e+00
  8.5300000000e+00,  1.4516684309e+00
  8.5400000000e+00,  1.5998817636e+00
  8.5500000000e+00,  1.7468988906e+00
  8.5600000000e+00,  1.8927051104e+00
  8.5700000000e+00,  2.0372858425e+00
  8.5800000000e+00,  2.1806266288e+00
  8.5900000000e+00,  2.3227131355e+00
  8.6000000000e+00,  2.4635311540e+00
  8.6100000000e+00,  2.6030666026e+00
  8.6200000000e+00,  2.7413055279e+00
  8.6300000000e+00,  2.8782341061e+00
  8.6400000000e+00,  3.0138386444e+00
  8.6500000000e+00,  3.1481055826e+00
  8.6600000000e+00,  3.2810214941e+00
  8.6700000000e+00,  3.4125730873e+00
  8.6800000000e+00,  3.5427472072e+00
  8.6900000000e+00,  3.6715308365e+00
  8.7000000000e+00,  3.7989110970e+00
  8.7100000000e+00,  3.9248752507e+00
  8.7200000000e+00,  4.0494107013e+00
  8.7300000000e+00,  4.1725049955e+00
  8.7400000000e+00,  4.2941458237e+00
  8.7500000000e+00,  4.4143210222e+00
  8.7600000000e+00,  4.5330185734e+00
  8.7700000000e+00,  4.6502266077e+00
  8.7800000000e+00,  4.7659334044e+00
  8.7900000000e+00,  4.8801273929e+00
  8.8000000000e+00,  4.9927971540e+00
  8.8100000000e+00,  5.1039314206e+00
  8.8200000000e+00,  5.2135190796e+00
  8.8300000000e+00,  5.3215491721e+00
  8.8400000000e+00,  5.4280108954e+00
  8.8500000000e+00,  5.5328936032e+00
  8.8600000000e+00,  5.6361868075e+00
  8.8700000000e+00,  5.7378801790e+00
  8.8800000000e+00,  5.8379635485e+00
  8.8900000000e+00,  5.9364269076e+00
  8.9000000000e+00,  6.0332604101e+00
  8.9100000000e+00,  6.1284543729e+00
  8.9200000000e+00,  6.2219992764e+00
  8.9300000000e+00,  6.3138857665e+00
  8.9400000000e+00,  6.4041046543e+00
  8.9500000000e+00,  6.4926469183e+00
  8.9600000000e+00,  6.5795037041e+00
  8.9700000000e+00,  6.6646663262e+00
  8.9800000000e+00,  6.7481262684e+00
  8.9900000000e+00,  6.8298751848e+00
  9.0000000000e+00,  1.0000000000e+00
  9.0100000000e+00,  1.0824236970e+00
  9.0200000000e+00,  1.1630210428e+00
  9.0300000000e+00,  1.2417839776e+00
  9.0400000000e+00,  1.3187046251e+00
  9.0500000000e+00,  1.3937752935e+00
  9.0600000000e+00,  1.4669884757e+00
  9.0700000000e+00,  1.5383368504e+00
  9.0800000000e+00,  1.6078132829e+00
  9.0900000000e+00,  1.6754108255e+00
  9.1000000000e+00,  1.7411227187e+00
  9.1100000000e+00,  1.8049423911e+00
  9.1200000000e+00,  1.8668634610e+00
  9.1300000000e+00,  1.9268797363e+00
  9.1400000000e+00,  1.9849852154e+00
  9.1500000000e+00,  2.0411740877e+00
  9.1600000000e+00,  2.0954407346e+00
  9.1700000000e+00,  2.1477797292e+00
  9.1800000000e+00,  2.1981858379e+00
  9.1900000000e+00,  2.2466540199e+00
  9.2000000000e+00,  2.2931794286e+00
  9.2100000000e+00,  2.3377574114e+00
  9.2200000000e+00,  2.3803835106e+00
  9.2300000000e+00,  2.4210534636e+00
  9.2400000000e+00,  2.4597632034e+00
  9.2500000000e+00,  2.4965088591e+00
  9.2600000000e+00,  2.5312867562e+00
  9.2700000000e+00,  2.5640934169e+00
  9.2800000000e+00,  2.5949255605e+00
  9.2900000000e+00,  2.6237801039e+00
  9.3000000000e+00,  2.6506541617e+00
  9.3100000000e+00,  2.6755450464e+00
  9.3200000000e+00,  2.6984502690e+00
  9.3300000000e+00,  2.7193675389e+00
  9.3400000000e+00,  2.7382947646e+00
  9.3500000000e+00,  2.7552300532e+00
  9.3600000000e+00,  2.7701717113e+00
  9.3700000000e+00,  2.7831182447e+00
  9.3800000000e+00,  2.7940683587e+00
  9.3900000000e+00,  2.8030209584e+00
  9.4000000000e+00,  2.8099751485e+00
  9.4100000000e+00,  2.8149302336e+00
  9.4200000000e+00,  2.8178857182e+00
  9.4300000000e+00,  2.8188413067e+00
  9.4400000000e+00,  2.8177969036e+00
  9.4500000000e+00,  2.8147526133e+00
  9.4600000000e+00,  2.8097087403e+00
  9.4700000000e+00,  2.8026657889e+00
  9.4800000000e+00,  2.7936244634e+00
  9.4900000000e+00,  2.7825856680e+00
  9.5000000000e+00,  1.0000000000e+00
  9.5100000000e+00,  9.8421826470e-01
  9.5200000000e+00,  9.6634329186e-01
  9.5300000000e+00,  9.4637686895e-01
  9.5400000000e+00,  9.2432099260e-01
  9.5500000000e+00,  9.0017786839e-01
  9.5600000000e+00,  8.7394991059e-01
  9.5700000000e+00,  8.4563974199e-01
  9.5800000000e+00,  8.1525019359e-01
  9.5900000000e+00,  7.8278430430e-01
  9.6000000000e+00,  7.4824532069e-01
  9.6100000000e+00,  7.1163669663e-01
  9.6200000000e+00,  6.7296209296e-01
  9.6300000000e+00,  6.3222537709e-01
  9.6400000000e+00,  5.8943062268e-01
  9.6500000000e+00,  5.4458210915e-01
  9.6600000000e+00,  4.9768432133e-01
  9.6700000000e+00,  4.4874194895e-01
  9.6800000000e+00,  3.9775988620e-01
  9.6900000000e+00,  3.4474323126e-01
  9.7000000000e+00,  2.8969728574e-01
  9.7100000000e+00,  2.3262755420e-01
  9.7200000000e+00,  1.7353974355e-01
  9.7300000000e+00,  1.1243976253e-01
  9.7400000000e+00,  4.9333721087e-02
  9.7500000000e+00, -1.5772070227e-02
  9.7600000000e+00, -8.2871100888e-02
  9.7700000000e+00, -1.5195666105e-01
  9.7800000000e+00, -2.2302184221e-01
  9.7900000000e+00, -2.9605953791e-01
  9.8000000000e+00, -3.7106244445e-01
  9.8100000000e+00, -4.4802306159e-01
  9.8200000000e+00, -5.2693369334e-01
  9.8300000000e+00, -6.0778644871e-01
  9.8400000000e+00, -6.9057324247e-01
  9.8500000000e+00, -7.7528579602e-01
  9.8600000000e+00, -8.6191563819e-01
  9.8700000000e+00, -9.5045410604e-01
  9.8800000000e+00, -1.0408923458e+00
  9.8900000000e+00, -1.1332213138e+00
  9.9000000000e+00, -1.2274317771e+00
  9.9100000000e+00, -1.3235143148e+00
  9.9200000000e+00, -1.4214593187e+00
  9.9300000000e+00, -1.5212569944e+00
  9.9400000000e+00, -1.6228973622e+00
  9.9500000000e+00, -1.7263702582e+00
  9.9600000000e+00, -1.8316653351e+00
  9.9700000000e+00, -1.9387720635e+00
  9.9800000000e+00, -2.0476797329e+00
  9.9900000000e+00, -2.1583774526e+00
